00289.ode: {A_ee: 39.2632576, A_ei: 0.1177897728, N_alpha_ee: 4211.243944, N_alpha_ei: 1019.115834,
  N_beta_ee: 4394.964737, N_beta_ei: 2972.660499, N_beta_ie: 663.7244819, N_beta_ii: 964.4921103,
  R: 1.0, T_ee: 0.120236209, T_ei: 1.154122635, T_ie: 1.251965365, T_ii: 1.998303695,
  burst_e: 0, burst_i: 0, gamma_ee: 0.40636446815, gamma_ei: 0.43867622, gamma_ie: 0.46365117,
  gamma_ii: 0.03345342, h_e_rest: -73.18159796, h_ee_eq: -7.590243159, h_ei_eq: -12.75442194,
  h_i_rest: -71.53641184, h_ie_eq: -87.73362336, h_ii_eq: -88.308199, k: 1.0000863233,
  mu_e: -45.57526745, mu_i: -52.3005765, mu_slow_e: 0, mu_slow_i: 0, nu_slow_e: 0,
  nu_slow_i: 0, p_ee: 3.1906286427, p_ei: 9.4949600062, p_ie: 0.0, p_ii: 0.0, phi_ie: 0,
  phi_ii: 0, r_abs: 0.0, s_e_max: 0.458219, s_i_max: 0.190344, sigma_e: 5.070235065,
  sigma_i: 2.314175927, tor_e: 39.1, tor_i: 87.4, tor_slow: 1, v: 0.246151, v_ee: 0.01230755,
  v_ei: 0.01230755}
