00371.ode: {A_ee: 0.28089627, A_ei: 0.28089627, N_alpha_ee: 4088.97994603, N_alpha_ei: 1567.50189446,
  N_beta_ee: 3526.67568975, N_beta_ei: 3905.65276747, N_beta_ie: 496.21762074, N_beta_ii: 245.78585352,
  R: 1.0, T_ee: 0.19609543, T_ei: 0.52140851, T_ie: 1.81684695, T_ii: 0.68629569,
  burst_e: 0, burst_i: 0, g: 0.7, gamma_ee: 0.36005256072, gamma_ei: 0.75996425, gamma_ie: 0.34539808,
  gamma_ii: 0.08547824, h_e_rest: -74.24166163, h_ee_eq: -14.46643474, h_ei_eq: 8.40468405,
  h_i_rest: -68.25813047, h_ie_eq: -79.56793372, h_ii_eq: -78.44536362, k: 1.0000080495,
  mu_e: -46.09037479, mu_i: -48.01479428, mu_slow_e: 0, mu_slow_i: 0, nu_slow_e: 0,
  nu_slow_i: 0, p_ee: 3.4016609132, p_ei: 0.27140650518, p_ie: 0.0, p_ii: 0.0, phi_ie: 0,
  phi_ii: 0, r_abs: 0.0, s_e_max: 0.330486, s_i_max: 0.401098, sigma_e: 5.55110504,
  sigma_i: 2.01085058, tor_e: 85.4022, tor_i: 45.6086, tor_slow: 4270.11, v: 0.229552,
  weight_slow_e: 20000.0, weight_slow_i: 20000.0}
