00090.ode: {A_ee: 0.41942782, A_ei: 0.41942782, N_alpha_ee: 2979.66988896, N_alpha_ei: 2521.07176255,
  N_beta_ee: 4835.20240841, N_beta_ei: 4908.81958274, N_beta_ie: 553.51838495, N_beta_ii: 186.97558566,
  R: 1.0, T_ee: 0.36048657, T_ei: 0.38596807, T_ie: 1.89012841, T_ii: 0.95959, burst_e: 0,
  burst_i: 0, g: 0.7, gamma_ee: 0.369401656555, gamma_ei: 0.781364, gamma_ie: 0.29464876,
  gamma_ii: 0.11249218, gamma_slow_ee: 200.0, gamma_slow_ei: 200.0, h_e_rest: -74.86291713,
  h_ee_eq: -11.23983842, h_ei_eq: -18.53649228, h_i_rest: -77.44684318, h_ie_eq: -80.69128673,
  h_ii_eq: -83.15829934, k: 1.0000009654, mu_e: -42.5131892, mu_i: -46.65799348, mu_slow_e: 0,
  mu_slow_i: 0, nu_slow_e: 0, nu_slow_i: 0, p_ee: 6.7234714969, p_ei: 4.3727499658,
  p_ie: 0.0, p_ii: 0.0, phi_ie: 0, phi_ii: 0, r_abs: 0.0, s_e_max: 0.103469, s_i_max: 0.123759,
  sigma_e: 5.28126924, sigma_i: 2.80943422, tor_e: 134.711, tor_i: 55.8318, tor_slow: 6735.550000000001,
  v: 0.10351}
