00475.ode: {A_ee: 0.85587275, A_ei: 0.85587275, N_alpha_ee: 3252.80895468, N_alpha_ei: 2216.81354997,
  N_beta_ee: 3952.07301013, N_beta_ei: 4921.92153536, N_beta_ie: 846.43128032, N_beta_ii: 182.45628014,
  R: 1.0, T_ee: 0.37774369, T_ei: 1.91018045, T_ie: 1.63596101, T_ii: 1.1605305, burst_e: 0,
  burst_i: 0, g: 0.7, gamma_ee: 0.264845227735, gamma_ei: 0.84270037, gamma_ie: 0.37659221,
  gamma_ii: 0.09020993, h_e_rest: -75.69090714, h_ee_eq: -15.25337873, h_ei_eq: -4.11517035,
  h_i_rest: -78.14287719, h_ie_eq: -82.61695881, h_ii_eq: -89.18635448, k: 1.0000015821,
  mu_e: -40.38484581, mu_i: -41.03380085, mu_slow_e: 0, mu_slow_i: 0, nu_slow_e: 0,
  nu_slow_i: 0, p_ee: 5.1674208907, p_ei: 3.9307000044, p_ie: 0.0, p_ii: 0.0, phi_ie: 0,
  phi_ii: 0, r_abs: 0.0, s_e_max: 0.488493, s_i_max: 0.0549652, sigma_e: 5.19777998,
  sigma_i: 2.78477155, tor_e: 78.0421, tor_i: 52.9298, tor_slow: 3902.1050000000005,
  v: 0.694544, weight_slow_e: 40000.0, weight_slow_i: 40000.0}
