00075.ode: {A_ee: 0.57520774, A_ei: 0.57520774, N_alpha_ee: 2070.00156356, N_alpha_ei: 2733.03110419,
  N_beta_ee: 2711.88127981, N_beta_ei: 4213.54638749, N_beta_ie: 847.1004525, N_beta_ii: 224.499523,
  R: 1.0, T_ee: 0.89135297, T_ei: 0.81308438, T_ie: 0.66420403, T_ii: 1.60925229,
  burst_e: 0, burst_i: 0, g: 0.7, gamma_ee: 0.67273201598, gamma_ei: 0.62667307, gamma_ie: 0.12783411,
  gamma_ii: 0.07261477, gamma_slow_ee: 1000.0, gamma_slow_ei: 1000.0, h_e_rest: -73.28779136,
  h_ee_eq: -10.66431312, h_ei_eq: -15.49534824, h_i_rest: -71.48767108, h_ie_eq: -83.0693237,
  h_ii_eq: -88.59338546, k: 1.0000075617, mu_e: -50.37399754, mu_i: -44.26930109,
  mu_slow_e: 0, mu_slow_i: 0, nu_slow_e: 0, nu_slow_i: 0, p_ee: 5.2014497888, p_ei: 1.4178100267,
  p_ie: 0.0, p_ii: 0.0, phi_ie: 0, phi_ii: 0, r_abs: 0.0, s_e_max: 0.387453, s_i_max: 0.358997,
  sigma_e: 2.11736781, sigma_i: 2.34686006, tor_e: 104.667, tor_i: 8.58317, tor_slow: 5233.35,
  v: 0.574196}
