00321.ode: {A_ee: 0.41846285, A_ei: 0.41846285, N_alpha_ee: 4030.943295, N_alpha_ei: 1160.67050591,
  N_beta_ee: 2167.51063483, N_beta_ei: 4097.26817026, N_beta_ie: 712.32964728, N_beta_ii: 158.65523073,
  R: 1.0, T_ee: 0.18539289, T_ei: 0.32192895, T_ie: 1.0610251, T_ii: 0.84058341, burst_e: 0,
  burst_i: 0, g: 0.7, gamma_ee: 0.586552212915, gamma_ei: 0.92224938, gamma_ie: 0.42939183,
  gamma_ii: 0.05643186, h_e_rest: -67.72290007, h_ee_eq: -10.91797018, h_ei_eq: -6.48760381,
  h_i_rest: -78.78141591, h_ie_eq: -74.2469414, h_ii_eq: -88.00916842, k: 1.0000003388,
  mu_e: -46.06931247, mu_i: -49.48738702, mu_slow_e: 0, mu_slow_i: 0, nu_slow_e: 0,
  nu_slow_i: 0, p_ee: 8.7174472518, p_ei: 0.64977240943, p_ie: 0.0, p_ii: 0.0, phi_ie: 0,
  phi_ii: 0, r_abs: 0.0, s_e_max: 0.0750998, s_i_max: 0.10826, sigma_e: 5.70799541,
  sigma_i: 4.38494634, tor_e: 142.732, tor_i: 48.5637, tor_slow: 7136.6, v: 0.589529,
  weight_slow_e: 10000.0, weight_slow_i: 10000.0}
