00414.ode: {A_ee: 0.68692027, A_ei: 0.68692027, N_alpha_ee: 4693.95949025, N_alpha_ei: 2548.18764867,
  N_beta_ee: 2973.36780977, N_beta_ei: 3641.12773055, N_beta_ie: 668.76434091, N_beta_ii: 418.00542633,
  R: 1.0, T_ee: 0.36597198, T_ei: 1.47325603, T_ie: 1.00802452, T_ii: 1.27069267,
  burst_e: 0, burst_i: 0, g: 0.7, gamma_ee: 0.301334013675, gamma_ei: 0.95513139,
  gamma_ie: 0.3664417, gamma_ii: 0.10964755, h_e_rest: -71.8009988, h_ee_eq: 5.62326815,
  h_ei_eq: 4.9962327, h_i_rest: -70.58289824, h_ie_eq: -77.98421003, h_ii_eq: -88.56673566,
  k: 1.0000003961, mu_e: -43.14309722, mu_i: -41.85698346, mu_slow_e: 0, mu_slow_i: 0,
  nu_slow_e: 0, nu_slow_i: 0, p_ee: 9.753769804, p_ei: 1.0354599753, p_ie: 0.0, p_ii: 0.0,
  phi_ie: 0, phi_ii: 0, r_abs: 0.0, s_e_max: 0.225386, s_i_max: 0.378911, sigma_e: 2.81257504,
  sigma_i: 4.87333512, tor_e: 141.985, tor_i: 91.5149, tor_slow: 7099.250000000001,
  v: 0.465571, weight_slow_e: 40000.0, weight_slow_i: 40000.0}
