00188.ode: {A_ee: 0.25914505, A_ei: 0.25914505, N_alpha_ee: 2621.36739149, N_alpha_ei: 1505.96981799,
  N_beta_ee: 3200.30629877, N_beta_ei: 4389.32902617, N_beta_ie: 683.56655603, N_beta_ii: 714.02276406,
  R: 1.0, T_ee: 0.17639605, T_ei: 0.72537737, T_ie: 1.76641316, T_ii: 0.20018078,
  burst_e: 0, burst_i: 0, g: 0.7, gamma_ee: 0.170536368033, gamma_ei: 0.22337173,
  gamma_ie: 0.35105222, gamma_ii: 0.08889345, h_e_rest: -67.18598895, h_ee_eq: -5.51738796,
  h_ei_eq: 8.05256884, h_i_rest: -69.82955153, h_ie_eq: -87.59983812, h_ii_eq: -88.68920863,
  k: 0.99999962042, mu_e: -51.64412788, mu_i: -54.91301665, mu_slow_e: 0, mu_slow_i: 0,
  nu_slow_e: 0, nu_slow_i: 0, p_ee: 1.4285100069, p_ei: 0.039522543989, p_ie: 0.0,
  p_ii: 0.0, phi_ie: 0, phi_ii: 0, r_abs: 0.0, s_e_max: 0.227683, s_i_max: 0.346871,
  sigma_e: 6.34693487, sigma_i: 2.95043626, tor_e: 135.328, tor_i: 96.846, tor_slow: 6766.400000000001,
  v: 0.14068, weight_slow_e: 90000.0, weight_slow_i: 90000.0}
