00486.ode: {A_ee: 0.81327556, A_ei: 0.81327556, N_alpha_ee: 3025.79827515, N_alpha_ei: 1049.75056464,
  N_beta_ee: 4412.50667181, N_beta_ei: 4197.2260816, N_beta_ie: 848.152106, N_beta_ii: 309.84400791,
  R: 1.0, T_ee: 0.26788359, T_ei: 1.30736273, T_ie: 1.65762527, T_ii: 0.42342552,
  burst_e: 0, burst_i: 0, g: 0.7, gamma_ee: 0.395092522735, gamma_ei: 0.74824088,
  gamma_ie: 0.37732275, gamma_ii: 0.09064776, h_e_rest: -66.41497835, h_ee_eq: -2.17461687,
  h_ei_eq: -8.78568075, h_i_rest: -71.47723856, h_ie_eq: -79.85944864, h_ii_eq: -77.08609948,
  k: 1.0000028345, mu_e: -53.15486765, mu_i: -48.15946036, mu_slow_e: 0, mu_slow_i: 0,
  nu_slow_e: 0, nu_slow_i: 0, p_ee: 0.4611916449, p_ei: 0.46564139276, p_ie: 0.0,
  p_ii: 0.0, phi_ie: 0, phi_ii: 0, r_abs: 0.0, s_e_max: 0.160194, s_i_max: 0.479335,
  sigma_e: 3.7866943, sigma_i: 3.15615323, tor_e: 76.7097, tor_i: 51.8674, tor_slow: 3835.4849999999997,
  v: 0.935728, weight_slow_e: 30000.0, weight_slow_i: 30000.0}
