00218.ode: {A_ee: 0.26138138, A_ei: 0.26138138, N_alpha_ee: 3400.15263269, N_alpha_ei: 2415.34548505,
  N_beta_ee: 4302.59874431, N_beta_ei: 2460.01990859, N_beta_ie: 810.38101484, N_beta_ii: 148.88297056,
  R: 1.0, T_ee: 0.53421237, T_ei: 0.50846318, T_ie: 0.83863202, T_ii: 0.55284263,
  burst_e: 0, burst_i: 0, g: 0.7, gamma_ee: 0.42071027056, gamma_ei: 0.87655684, gamma_ie: 0.37775818,
  gamma_ii: 0.16593847, gamma_slow_ee: 40.0, gamma_slow_ei: 40.0, h_e_rest: -69.62430685,
  h_ee_eq: -14.9371495, h_ei_eq: -12.94466757, h_i_rest: -66.07739294, h_ie_eq: -89.35481353,
  h_ii_eq: -81.60867397, k: 1.0000000006, mu_e: -52.67122189, mu_i: -44.65855858,
  mu_slow_e: 0, mu_slow_i: 0, nu_slow_e: 0, nu_slow_i: 0, p_ee: 0.2406121744, p_ei: 6.9915203451,
  p_ie: 0.0, p_ii: 0.0, phi_ie: 0, phi_ii: 0, r_abs: 0.0, s_e_max: 0.0500493, s_i_max: 0.398443,
  sigma_e: 6.51618348, sigma_i: 4.34489099, tor_e: 96.6984, tor_i: 105.029, tor_slow: 4834.92,
  v: 0.933129}
