00171.ode: {A_ee: 0.48825887, A_ei: 0.48825887, N_alpha_ee: 4039.81327919, N_alpha_ei: 1740.13884586,
  N_beta_ee: 2961.51068572, N_beta_ei: 4562.75826393, N_beta_ie: 126.07941834, N_beta_ii: 221.29603379,
  R: 1.0, T_ee: 0.170789, T_ei: 1.01199699, T_ie: 1.80474939, T_ii: 0.22134248, burst_e: 0,
  burst_i: 0, g: 0.7, gamma_ee: 0.128425630712, gamma_ei: 0.52459377, gamma_ie: 0.25353518,
  gamma_ii: 0.09465274, h_e_rest: -66.67070349, h_ee_eq: -19.56792313, h_ei_eq: -19.44053418,
  h_i_rest: -64.6984553, h_ie_eq: -82.85440465, h_ii_eq: -85.31938347, k: 1.0000027504,
  mu_e: -46.35031698, mu_i: -40.47870046, mu_slow_e: 0, mu_slow_i: 0, nu_slow_e: 0,
  nu_slow_i: 0, p_ee: 4.2030797135, p_ei: 1.8452650819, p_ie: 0.0, p_ii: 0.0, phi_ie: 0,
  phi_ii: 0, r_abs: 0.0, s_e_max: 0.125268, s_i_max: 0.429657, sigma_e: 2.90652105,
  sigma_i: 2.1093819, tor_e: 145.538, tor_i: 42.3601, tor_slow: 7276.900000000001,
  v: 0.483443, weight_slow_e: 30000.0, weight_slow_i: 30000.0}
