00182.ode: {A_ee: 0.72851832, A_ei: 0.72851832, N_alpha_ee: 2691.26033536, N_alpha_ei: 1192.77714481,
  N_beta_ee: 3353.93763769, N_beta_ei: 4146.60698881, N_beta_ie: 347.41536837, N_beta_ii: 179.53588845,
  R: 1.0, T_ee: 0.19745825, T_ei: 0.75464767, T_ie: 1.19399271, T_ii: 0.67031679,
  burst_e: 0, burst_i: 0, g: 0.7, gamma_ee: 0.416483115025, gamma_ei: 0.91206401,
  gamma_ie: 0.43897809, gamma_ii: 0.08061032, h_e_rest: -69.63566795, h_ee_eq: -14.04658743,
  h_ei_eq: -12.83434453, h_i_rest: -75.82329561, h_ie_eq: -74.91332123, h_ii_eq: -86.99333146,
  k: 1.0000003159, mu_e: -40.94384768, mu_i: -47.71990676, mu_slow_e: 0, mu_slow_i: 0,
  nu_slow_e: 0, nu_slow_i: 0, p_ee: 8.2947799905, p_ei: 0.86758687408, p_ie: 0.0,
  p_ii: 0.0, phi_ie: 0, phi_ii: 0, r_abs: 0.0, s_e_max: 0.4834, s_i_max: 0.188061,
  sigma_e: 6.55776036, sigma_i: 4.32542906, tor_e: 127.408, tor_i: 129.294, tor_slow: 6370.4,
  v: 0.313647, weight_slow_e: 10000.0, weight_slow_i: 10000.0}
