00399.ode: {A_ee: 0.97910828, A_ei: 0.97910828, N_alpha_ee: 3286.23186484, N_alpha_ei: 1507.85564469,
  N_beta_ee: 4937.54861035, N_beta_ei: 2808.47941982, N_beta_ie: 950.08175669, N_beta_ii: 119.35234592,
  R: 1.0, T_ee: 1.32108427, T_ei: 1.75980456, T_ie: 0.21112396, T_ii: 0.24061759,
  burst_e: 0, burst_i: 0, g: 0.7, gamma_ee: 0.63962092838, gamma_ei: 0.47638459, gamma_ie: 0.34154357,
  gamma_ii: 0.10097993, gamma_slow_ee: 2000.0, gamma_slow_ei: 2000.0, h_e_rest: -73.37116793,
  h_ee_eq: 5.33134111, h_ei_eq: -11.93830771, h_i_rest: -70.76669658, h_ie_eq: -81.26175677,
  h_ii_eq: -88.31867982, k: 1.0000051087, mu_e: -42.08450357, mu_i: -42.34941675,
  mu_slow_e: 0, mu_slow_i: 0, nu_slow_e: 0, nu_slow_i: 0, p_ee: 0.97214390261, p_ei: 0.52994395895,
  p_ie: 0.0, p_ii: 0.0, phi_ie: 0, phi_ii: 0, r_abs: 0.0, s_e_max: 0.211002, s_i_max: 0.176782,
  sigma_e: 4.78424223, sigma_i: 3.22292837, tor_e: 115.912, tor_i: 23.3422, tor_slow: 5795.6,
  v: 0.824085}
