00496.ode: {A_ee: 0.20288393, A_ei: 0.20288393, N_alpha_ee: 2002.83596385, N_alpha_ei: 1060.09412094,
  N_beta_ee: 2612.33834392, N_beta_ei: 4595.82047704, N_beta_ie: 384.4638389, N_beta_ii: 511.39280708,
  R: 1.0, T_ee: 0.37564004, T_ei: 1.68671465, T_ie: 1.44863253, T_ii: 0.21927264,
  burst_e: 0, burst_i: 0, g: 0.7, gamma_ee: 0.2138821304065, gamma_ei: 0.51836962,
  gamma_ie: 0.41191049, gamma_ii: 0.09450518, h_e_rest: -74.47243927, h_ee_eq: -9.43229655,
  h_ei_eq: 2.26740893, h_i_rest: -79.79476982, h_ie_eq: -87.85073546, h_ii_eq: -88.15383885,
  k: 1.0000001706, mu_e: -42.08592078, mu_i: -47.68477582, mu_slow_e: 0, mu_slow_i: 0,
  nu_slow_e: 0, nu_slow_i: 0, p_ee: 8.8638098145, p_ei: 0.13404258605, p_ie: 0.0,
  p_ii: 0.0, phi_ie: 0, phi_ii: 0, r_abs: 0.0, s_e_max: 0.157826, s_i_max: 0.488105,
  sigma_e: 4.61757712, sigma_i: 3.24830808, tor_e: 146.362, tor_i: 72.4516, tor_slow: 7318.099999999999,
  v: 0.665852, weight_slow_e: 50000.0, weight_slow_i: 50000.0}
