00476.ode: {A_ee: 0.91747422, A_ei: 0.91747422, N_alpha_ee: 4992.36330669, N_alpha_ei: 1135.0590578,
  N_beta_ee: 2680.06641263, N_beta_ei: 2650.0955418, N_beta_ie: 962.93456408, N_beta_ii: 970.82844059,
  R: 1.0, T_ee: 0.1368643, T_ei: 1.61802941, T_ie: 1.94070519, T_ii: 0.19865497, burst_e: 0,
  burst_i: 0, g: 0.7, gamma_ee: 0.2414023760045, gamma_ei: 0.49892212, gamma_ie: 0.28078342,
  gamma_ii: 0.07942423, h_e_rest: -68.5200845, h_ee_eq: 3.83760987, h_ei_eq: -1.29098841,
  h_i_rest: -60.50631008, h_ie_eq: -86.15879493, h_ii_eq: -84.18680585, k: 0.99999750411,
  mu_e: -44.72439112, mu_i: -40.66919228, mu_slow_e: 0, mu_slow_i: 0, nu_slow_e: 0,
  nu_slow_i: 0, p_ee: 7.3948701041, p_ei: 0.69531147225, p_ie: 0.0, p_ii: 0.0, phi_ie: 0,
  phi_ii: 0, r_abs: 0.0, s_e_max: 0.444594, s_i_max: 0.0710241, sigma_e: 5.40556082,
  sigma_i: 2.15877505, tor_e: 146.161, tor_i: 45.0114, tor_slow: 7308.05, v: 0.18449,
  weight_slow_e: 40000.0, weight_slow_i: 40000.0}
