00267.ode: {A_ee: 0.90325344, A_ei: 0.90325344, N_alpha_ee: 2785.82251807, N_alpha_ei: 2175.5978098,
  N_beta_ee: 2354.61998654, N_beta_ei: 4472.9460359, N_beta_ie: 798.26457314, N_beta_ii: 318.63194388,
  R: 1.0, T_ee: 1.21276489, T_ei: 1.31646414, T_ie: 1.98932506, T_ii: 1.07116615,
  burst_e: 0, burst_i: 0, g: 0.7, gamma_ee: 0.8024339961, gamma_ei: 0.59871205, gamma_ie: 0.25284081,
  gamma_ii: 0.08690106, h_e_rest: -79.16009159, h_ee_eq: 6.97055905, h_ei_eq: -3.35125624,
  h_i_rest: -76.64868601, h_ie_eq: -86.0334629, h_ii_eq: -87.23064517, k: 1.0000008654,
  mu_e: -48.29578858, mu_i: -40.2554609, mu_slow_e: 0, mu_slow_i: 0, nu_slow_e: 0,
  nu_slow_i: 0, p_ee: 1.9061410553, p_ei: 0.96284362207, p_ie: 0.0, p_ii: 0.0, phi_ie: 0,
  phi_ii: 0, r_abs: 0.0, s_e_max: 0.267971, s_i_max: 0.161736, sigma_e: 5.68937932,
  sigma_i: 3.82902847, tor_e: 123.981, tor_i: 46.167, tor_slow: 6199.049999999999,
  v: 0.19347, weight_slow_e: 25000.0, weight_slow_i: 25000.0}
