00319.ode: {A_ee: 0.1991969, A_ei: 0.1991969, N_alpha_ee: 2459.11409867, N_alpha_ei: 2501.99505664,
  N_beta_ee: 3659.03206806, N_beta_ei: 4257.80754269, N_beta_ie: 583.88081416, N_beta_ii: 284.84354293,
  R: 1.0, T_ee: 0.16461126, T_ei: 1.10647031, T_ie: 1.10032009, T_ii: 0.45187564,
  burst_e: 0, burst_i: 0, g: 0.7, gamma_ee: 0.23671099314, gamma_ei: 0.50238325, gamma_ie: 0.41965114,
  gamma_ii: 0.09152325, h_e_rest: -61.44694602, h_ee_eq: -2.02355606, h_ei_eq: -0.34143091,
  h_i_rest: -68.51234341, h_ie_eq: -83.31950173, h_ii_eq: -82.56973958, k: 1.0000007697,
  mu_e: -45.68677765, mu_i: -44.64488929, mu_slow_e: 0, mu_slow_i: 0, nu_slow_e: 0,
  nu_slow_i: 0, p_ee: 7.993219505, p_ei: 0.24462005804, p_ie: 0.0, p_ii: 0.0, phi_ie: 0,
  phi_ii: 0, r_abs: 0.0, s_e_max: 0.160664, s_i_max: 0.322315, sigma_e: 2.93309799,
  sigma_i: 3.15822155, tor_e: 107.837, tor_i: 58.814, tor_slow: 5391.85, v: 0.239686,
  weight_slow_e: 47000.0, weight_slow_i: 47000.0}
