00224.ode: {A_ee: 0.16098907, A_ei: 0.16098907, N_alpha_ee: 4838.89249798, N_alpha_ei: 1001.54889934,
  N_beta_ee: 3396.35156113, N_beta_ei: 4892.14280289, N_beta_ie: 746.09282121, N_beta_ii: 674.27459065,
  R: 1.0, T_ee: 0.10161236, T_ei: 0.90654184, T_ie: 0.55960931, T_ii: 0.13073362,
  burst_e: 0, burst_i: 0, g: 0.7, gamma_ee: 0.282411562285, gamma_ei: 0.83101452,
  gamma_ie: 0.29405855, gamma_ii: 0.08810023, h_e_rest: -71.040813, h_ee_eq: -14.13665274,
  h_ei_eq: -11.29687211, h_i_rest: -65.00605443, h_ie_eq: -79.07902374, h_ii_eq: -84.99616995,
  k: 1.0000008866, mu_e: -47.94621731, mu_i: -40.21475789, mu_slow_e: 0, mu_slow_i: 0,
  nu_slow_e: 0, nu_slow_i: 0, p_ee: 9.5900231003, p_ei: 0.075369277922, p_ie: 0.0,
  p_ii: 0.0, phi_ie: 0, phi_ii: 0, r_abs: 0.0, s_e_max: 0.38761, s_i_max: 0.0976906,
  sigma_e: 5.28157382, sigma_i: 2.57085316, tor_e: 128.046, tor_i: 57.3986, tor_slow: 6402.299999999999,
  v: 0.42938, weight_slow_e: 20000.0, weight_slow_i: 20000.0}
