00351.ode: {A_ee: 0.20570826, A_ei: 0.20570826, N_alpha_ee: 2743.21225832, N_alpha_ei: 1255.83124359,
  N_beta_ee: 3260.33623762, N_beta_ei: 4557.29271684, N_beta_ie: 567.73277678, N_beta_ii: 239.97313694,
  R: 1.0, T_ee: 0.1817842, T_ei: 0.56222456, T_ie: 1.76792546, T_ii: 1.81191691, burst_e: 0,
  burst_i: 0, g: 0.7, gamma_ee: 0.321432366165, gamma_ei: 0.58901487, gamma_ie: 0.28774133,
  gamma_ii: 0.09886269, h_e_rest: -65.38992259, h_ee_eq: -11.86362321, h_ei_eq: -18.13395724,
  h_i_rest: -75.22415948, h_ie_eq: -74.18975499, h_ii_eq: -87.73565864, k: 1.0000027893,
  mu_e: -48.70963387, mu_i: -49.34174925, mu_slow_e: 0, mu_slow_i: 0, nu_slow_e: 0,
  nu_slow_i: 0, p_ee: 9.2056993536, p_ei: 0.39947274034, p_ie: 0.0, p_ii: 0.0, phi_ie: 0,
  phi_ii: 0, r_abs: 0.0, s_e_max: 0.148728, s_i_max: 0.336446, sigma_e: 2.40478269,
  sigma_i: 2.95085183, tor_e: 140.456, tor_i: 51.2721, tor_slow: 7022.799999999999,
  v: 0.475555, weight_slow_e: 15000.0, weight_slow_i: 15000.0}
