'0.11': {A_ee: 0.861765043, A_ei: 0.861765043, N_alpha_ee: 2564.793282, N_alpha_ei: 1118.08004,
  N_beta_ee: 3745.711734, N_beta_ei: 3144.983978, N_beta_ie: 446.4477283, N_beta_ii: 345.8866865,
  R: 1.0, T_ee: 1.6861042005, T_ei: 1.885871361, T_ie: 5.855116285, T_ii: 6.9331585350000005,
  burst_e: 0, burst_i: 0, g: 0.7, gamma_ee: 0.95083473, gamma_ei: 0.79156622, gamma_ie: 0.0566450465152,
  gamma_ii: 0.0042807688, gamma_slow_ee: 700.0, gamma_slow_ei: 700.0, h_e_rest: -79.61058688,
  h_ee_eq: -17.9914286, h_ei_eq: -15.53827744, h_i_rest: -71.24328917, h_ie_eq: -84.00936425,
  h_ii_eq: -89.797995, k: 1.000002199, mu_e: -41.12042539, mu_i: -54.45064422, p_ee: 2.6864898634,
  p_ei: 6.648040185, p_ie: 0.0, p_ii: 0.0, phi_ie: 0, phi_ii: 0, r_abs: 0.0, s_e_max: 0.400558,
  s_i_max: 0.404191, sigma_e: 6.55747395, sigma_i: 2.047597811, tor_e: 108.758, tor_i: 92.8,
  tor_slow: 5437.9, v: 0.419426}
