00073.ode: {A_ee: 0.85033806, A_ei: 0.85033806, N_alpha_ee: 3711.04308484, N_alpha_ei: 1410.59361045,
  N_beta_ee: 2068.49761683, N_beta_ei: 4502.50166725, N_beta_ie: 898.64251604, N_beta_ii: 241.57968375,
  R: 1.0, T_ee: 0.33308789, T_ei: 0.30995051, T_ie: 1.11629938, T_ii: 0.8494964, burst_e: 0,
  burst_i: 0, g: 0.7, gamma_ee: 0.35953637565, gamma_ei: 0.85509564, gamma_ie: 0.43652323,
  gamma_ii: 0.07310866, h_e_rest: -60.99481685, h_ee_eq: -15.56821414, h_ei_eq: -15.96216673,
  h_i_rest: -71.41396026, h_ie_eq: -66.19478776, h_ii_eq: -80.49682147, k: 1.0000000396,
  mu_e: -42.10952622, mu_i: -49.47118347, mu_slow_e: 0, mu_slow_i: 0, nu_slow_e: 0,
  nu_slow_i: 0, p_ee: 5.2862355111, p_ei: 5.6455525355, p_ie: 0.0, p_ii: 0.0, phi_ie: 0,
  phi_ii: 0, r_abs: 0.0, s_e_max: 0.0525465, s_i_max: 0.291292, sigma_e: 6.20920471,
  sigma_i: 5.16367245, thal_e: 5000.0, thal_i: 5000.0, tor_e: 148.88, tor_i: 113.287,
  tor_slow: 7444.0, v: 0.993909}
