00197.ode: {A_ee: 0.44835166, A_ei: 0.44835166, N_alpha_ee: 3837.15656998, N_alpha_ei: 1256.8216679,
  N_beta_ee: 2658.38510713, N_beta_ei: 2005.7281591, N_beta_ie: 925.58373442, N_beta_ii: 259.04168713,
  R: 1.0, T_ee: 0.77356841, T_ei: 1.04769703, T_ie: 1.74095939, T_ii: 0.4816837, burst_e: 0,
  burst_i: 0, g: 0.7, gamma_ee: 0.6180759698, gamma_ei: 0.80577404, gamma_ie: 0.39775113,
  gamma_ii: 0.09075231, gamma_slow_ee: 700.0, gamma_slow_ei: 700.0, h_e_rest: -73.35240494,
  h_ee_eq: 6.31118465, h_ei_eq: 5.16608028, h_i_rest: -68.37459366, h_ie_eq: -79.39199295,
  h_ii_eq: -78.12132074, k: 1.0000008156, mu_e: -51.42096417, mu_i: -46.75077238,
  mu_slow_e: 0, mu_slow_i: 0, nu_slow_e: 0, nu_slow_i: 0, p_ee: 1.2747398846, p_ei: 1.4366299972,
  p_ie: 0.0, p_ii: 0.0, phi_ie: 0, phi_ii: 0, r_abs: 0.0, s_e_max: 0.267764, s_i_max: 0.0983682,
  sigma_e: 3.64543004, sigma_i: 2.39492924, tor_e: 141.013, tor_i: 31.8581, tor_slow: 7050.650000000001,
  v: 0.462413}
