00069.ode: {A_ee: 0.35235444, A_ei: 0.35235444, N_alpha_ee: 2289.75382926, N_alpha_ei: 1582.83282192,
  N_beta_ee: 2384.89166712, N_beta_ei: 4425.78304486, N_beta_ie: 287.52427799, N_beta_ii: 140.69047283,
  R: 1.0, T_ee: 0.41004955, T_ei: 0.76870227, T_ie: 0.96923403, T_ii: 0.28283109,
  burst_e: 0, burst_i: 0, g: 0.7, gamma_ee: 0.086910269218, gamma_ei: 0.66971339,
  gamma_ie: 0.14379704, gamma_ii: 0.04973279, h_e_rest: -77.35775372, h_ee_eq: 2.28901953,
  h_ei_eq: -1.19366867, h_i_rest: -76.00950531, h_ie_eq: -83.03247757, h_ii_eq: -87.96937032,
  k: 1.0000001213, mu_e: -45.44815674, mu_i: -47.17040398, mu_slow_e: 0, mu_slow_i: 0,
  nu_slow_e: 0, nu_slow_i: 0, p_ee: 0.38761142561, p_ei: 1.0897101828, p_ie: 0.0,
  p_ii: 0.0, phi_ie: 0, phi_ii: 0, r_abs: 0.0, s_e_max: 0.0810809, s_i_max: 0.227063,
  sigma_e: 6.48076301, sigma_i: 4.76728148, thal_e: 4000.0, thal_i: 4000.0, tor_e: 107.313,
  tor_i: 11.7388, tor_slow: 5365.650000000001, v: 0.27008}
