00019.ode: {A_ee: 0.14855192, A_ei: 0.14855192, N_alpha_ee: 4094.98416031, N_alpha_ei: 2322.4319589,
  N_beta_ee: 3260.08349949, N_beta_ei: 4470.2091657, N_beta_ie: 712.18572581, N_beta_ii: 115.7275261,
  R: 1.0, T_ee: 0.63292532, T_ei: 1.79011907, T_ie: 1.72566252, T_ii: 1.27857516,
  burst_e: 0, burst_i: 0, g: 0.7, gamma_ee: 0.29321341828, gamma_ei: 0.60009444, gamma_ie: 0.41830275,
  gamma_ii: 0.0918098, gamma_slow_ee: 2000.0, gamma_slow_ei: 2000.0, h_e_rest: -78.38250467,
  h_ee_eq: 5.10983631, h_ei_eq: 1.99721427, h_i_rest: -79.97610415, h_ie_eq: -86.97447101,
  h_ii_eq: -89.05639918, k: 1.0000005045, mu_e: -47.96250662, mu_i: -43.32014381,
  mu_slow_e: 0, mu_slow_i: 0, nu_slow_e: 0, nu_slow_i: 0, p_ee: 1.037850204, p_ei: 1.3253900043,
  p_ie: 0.0, p_ii: 0.0, phi_ie: 0, phi_ii: 0, r_abs: 0.0, s_e_max: 0.169776, s_i_max: 0.167363,
  sigma_e: 5.06249206, sigma_i: 2.83431581, tor_e: 104.922, tor_i: 61.8631, tor_slow: 5246.099999999999,
  v: 0.230651}
