00241.ode: {A_ee: 0.34500684, A_ei: 0.34500684, N_alpha_ee: 3668.65154387, N_alpha_ei: 1032.98183439,
  N_beta_ee: 2193.99041505, N_beta_ei: 4752.20312679, N_beta_ie: 699.59511776, N_beta_ii: 515.94662383,
  R: 1.0, T_ee: 0.29347721, T_ei: 1.84549397, T_ie: 1.99150249, T_ii: 0.35258599,
  burst_e: 0, burst_i: 0, g: 0.7, gamma_ee: 0.44535569444, gamma_ei: 0.8597022, gamma_ie: 0.45165547,
  gamma_ii: 0.08479041, h_e_rest: -71.91466773, h_ee_eq: -9.00332083, h_ei_eq: -10.32589463,
  h_i_rest: -76.04162637, h_ie_eq: -86.31263096, h_ii_eq: -82.27519969, k: 1.00000037,
  mu_e: -52.27908627, mu_i: -48.59192073, mu_slow_e: 0, mu_slow_i: 0, nu_slow_e: 0,
  nu_slow_i: 0, p_ee: 6.0249219948, p_ei: 1.1155700975, p_ie: 0.0, p_ii: 0.0, phi_ie: 0,
  phi_ii: 0, r_abs: 0.0, s_e_max: 0.355241, s_i_max: 0.424775, sigma_e: 4.90831072,
  sigma_i: 3.69792309, tor_e: 105.505, tor_i: 148.998, tor_slow: 5275.25, v: 0.780668,
  weight_slow_e: 50000.0, weight_slow_i: 50000.0}
