00444.ode: {A_ee: 0.83293585, A_ei: 0.83293585, N_alpha_ee: 4165.89600973, N_alpha_ei: 2114.74126536,
  N_beta_ee: 2633.02800042, N_beta_ei: 4006.94365707, N_beta_ie: 755.40111915, N_beta_ii: 252.83818904,
  R: 1.0, T_ee: 0.12739896, T_ei: 1.92347586, T_ie: 1.88689985, T_ii: 0.65420164,
  burst_e: 0, burst_i: 0, g: 0.7, gamma_ee: 0.0874159526555, gamma_ei: 0.67823027,
  gamma_ie: 0.27353005, gamma_ii: 0.0924524, h_e_rest: -64.52944021, h_ee_eq: 0.547598,
  h_ei_eq: -13.43112958, h_i_rest: -65.17867944, h_ie_eq: -88.01990607, h_ii_eq: -86.38388944,
  k: 0.99999967278, mu_e: -43.86507253, mu_i: -41.75122922, mu_slow_e: 0, mu_slow_i: 0,
  nu_slow_e: 0, nu_slow_i: 0, p_ee: 7.5282797757, p_ei: 1.0017201121, p_ie: 0.0, p_ii: 0.0,
  phi_ie: 0, phi_ii: 0, r_abs: 0.0, s_e_max: 0.108051, s_i_max: 0.230615, sigma_e: 6.03754816,
  sigma_i: 3.94725535, tor_e: 121.875, tor_i: 67.9108, tor_slow: 6093.75, v: 0.471962,
  weight_slow_e: 80000.0, weight_slow_i: 80000.0}
