00272.ode: {A_ee: 0.87343139, A_ei: 0.87343139, N_alpha_ee: 2345.79163666, N_alpha_ei: 2114.59700256,
  N_beta_ee: 3282.18713975, N_beta_ei: 3944.44069497, N_beta_ie: 547.47168461, N_beta_ii: 320.24526578,
  R: 1.0, T_ee: 0.17066529, T_ei: 1.84204773, T_ie: 1.59624297, T_ii: 0.42556273,
  burst_e: 0, burst_i: 0, g: 0.7, gamma_ee: 0.235244661465, gamma_ei: 0.96218203,
  gamma_ie: 0.24659984, gamma_ii: 0.05707758, h_e_rest: -64.20167741, h_ee_eq: -7.89541379,
  h_ei_eq: 9.97952136, h_i_rest: -75.56580744, h_ie_eq: -85.84651857, h_ii_eq: -85.75189542,
  k: 1.0000011415, mu_e: -46.67442844, mu_i: -40.72020242, mu_slow_e: 0, mu_slow_i: 0,
  nu_slow_e: 0, nu_slow_i: 0, p_ee: 4.5100193775, p_ei: 1.2087685572, p_ie: 0.0, p_ii: 0.0,
  phi_ie: 0, phi_ii: 0, r_abs: 0.0, s_e_max: 0.240181, s_i_max: 0.283569, sigma_e: 2.43086476,
  sigma_i: 2.87030179, tor_e: 95.8974, tor_i: 18.0885, tor_slow: 4794.87, v: 0.47969,
  weight_slow_e: 20000.0, weight_slow_i: 20000.0}
