'1.4': {A_ee: 0.97960647, A_ei: 0.97960647, N_alpha_ee: 3218.25773139, N_alpha_ei: 1725.76994483,
  N_beta_ee: 2555.55531967, N_beta_ei: 3955.4019654, N_beta_ie: 558.83565101, N_beta_ii: 805.76418084,
  R: 1.0, T_ee: 0.15172837, T_ei: 0.27123796, T_ie: 1.39744992, T_ii: 1.38041254,
  burst_e: 0, burst_i: 0, g: 0.7, gamma_ee: 0.31475255879, gamma_ei: 0.24594817, gamma_ie: 0.092450092,
  gamma_ii: 0.072925468, h_e_rest: -66.96584987, h_ee_eq: 0.0353266, h_ei_eq: -6.84352222,
  h_i_rest: -77.90610838, h_ie_eq: -85.52639408, h_ii_eq: -85.434985, k: 1.0000000007,
  mu_e: -50.73253197, mu_i: -51.66219544, mu_slow_e: 0, mu_slow_i: 0, nu_slow_e: 0,
  nu_slow_i: 0, p_ee: 2.1687293948, p_ei: 2.4342247579, p_ie: 0.0, p_ii: 0.0, phi_ie: 0,
  phi_ii: 0, r_abs: 0.0, s_e_max: 0.101903, s_i_max: 0.469, sigma_e: 6.02438944, sigma_i: 4.21865921,
  thal_e: 2000.0, thal_i: 2000.0, tor_e: 139.779, tor_i: 135.1578, tor_slow: 6988.95,
  v: 0.681401}
