00260.ode: {A_ee: 0.56477604, A_ei: 0.56477604, N_alpha_ee: 4991.35918822, N_alpha_ei: 2491.46359483,
  N_beta_ee: 3153.07233676, N_beta_ei: 4453.27419809, N_beta_ie: 734.32063895, N_beta_ii: 452.76796327,
  R: 1.0, T_ee: 0.43409528, T_ei: 0.9277167, T_ie: 0.58201372, T_ii: 0.36458188, burst_e: 0,
  burst_i: 0, g: 0.7, gamma_ee: 0.49277512796, gamma_ei: 0.93795716, gamma_ie: 0.15709434,
  gamma_ii: 0.06585152, h_e_rest: -63.10197991, h_ee_eq: -14.75685615, h_ei_eq: -2.26123631,
  h_i_rest: -74.97642526, h_ie_eq: -74.83894001, h_ii_eq: -80.25034564, k: 1.0000001279,
  mu_e: -40.36447647, mu_i: -50.52331031, mu_slow_e: 0, mu_slow_i: 0, nu_slow_e: 0,
  nu_slow_i: 0, p_ee: 3.0797258132, p_ei: 0.5264133686, p_ie: 0.0, p_ii: 0.0, phi_ie: 0,
  phi_ii: 0, r_abs: 0.0, s_e_max: 0.27648, s_i_max: 0.491708, sigma_e: 5.55023053,
  sigma_i: 6.04624088, tor_e: 149.582, tor_i: 79.5763, tor_slow: 7479.099999999999,
  v: 0.778566, weight_slow_e: 7.0, weight_slow_i: 7.0}
