00039.ode: {A_ee: 0.68858153, A_ei: 0.68858153, N_alpha_ee: 2775.25828303, N_alpha_ei: 1358.08676032,
  N_beta_ee: 2347.65099704, N_beta_ei: 4555.92001255, N_beta_ie: 853.64233807, N_beta_ii: 817.08156942,
  R: 1.0, T_ee: 0.2898676, T_ei: 0.55334637, T_ie: 1.78891616, T_ii: 0.64773008, burst_e: 0,
  burst_i: 0, g: 0.7, gamma_ee: 0.29740662752, gamma_ei: 0.58113538, gamma_ie: 0.23052988,
  gamma_ii: 0.09922428, h_e_rest: -71.20089121, h_ee_eq: -12.66099723, h_ei_eq: 5.28791562,
  h_i_rest: -73.82221345, h_ie_eq: -80.45363218, h_ii_eq: -86.44882414, k: 1.00000076,
  mu_e: -40.96171856, mu_i: -51.54929634, mu_slow_e: 0, mu_slow_i: 0, nu_slow_e: 0,
  nu_slow_i: 0, p_ee: 6.1341941516, p_ei: 0.59704354884, p_ie: 0.0, p_ii: 0.0, phi_ie: 0,
  phi_ii: 0, r_abs: 0.0, s_e_max: 0.475999, s_i_max: 0.458255, sigma_e: 6.29058808,
  sigma_i: 3.03293814, tor_e: 145.395, tor_i: 89.2769, tor_slow: 7269.750000000001,
  v: 0.722731, weight_slow_e: 20.0, weight_slow_i: 20.0}
