00387.ode: {A_ee: 0.21270004, A_ei: 0.21270004, N_alpha_ee: 4759.37046006, N_alpha_ei: 1443.65896026,
  N_beta_ee: 4506.6495135, N_beta_ei: 4986.04431981, N_beta_ie: 691.34264374, N_beta_ii: 322.61904968,
  R: 1.0, T_ee: 0.28971985, T_ei: 1.24885954, T_ie: 0.9622924, T_ii: 1.0614947, burst_e: 0,
  burst_i: 0, g: 0.7, gamma_ee: 0.69274735899, gamma_ei: 0.67900015, gamma_ie: 0.26102345,
  gamma_ii: 0.08791283, h_e_rest: -70.43305981, h_ee_eq: 0.93055947, h_ei_eq: -12.37846494,
  h_i_rest: -65.93333755, h_ie_eq: -76.52766749, h_ii_eq: -86.40080208, k: 1.0000014339,
  mu_e: -47.86340409, mu_i: -42.76558513, mu_slow_e: 0, mu_slow_i: 0, nu_slow_e: 0,
  nu_slow_i: 0, p_ee: 9.8667000292, p_ei: 1.5305068776, p_ie: 0.0, p_ii: 0.0, phi_ie: 0,
  phi_ii: 0, r_abs: 0.0, s_e_max: 0.324818, s_i_max: 0.310149, sigma_e: 3.86329597,
  sigma_i: 2.02936208, tor_e: 142.069, tor_i: 78.1494, tor_slow: 7103.45, v: 0.342283,
  weight_slow_e: 3.5, weight_slow_i: 3.5}
