00350.ode: {A_ee: 0.86695684, A_ei: 0.86695684, N_alpha_ee: 4134.41681123, N_alpha_ei: 1047.5114342,
  N_beta_ee: 2338.27633846, N_beta_ei: 4885.52597206, N_beta_ie: 572.6708447, N_beta_ii: 578.05084008,
  R: 1.0, T_ee: 0.24311396, T_ei: 1.43487919, T_ie: 1.53413261, T_ii: 1.15605889,
  burst_e: 0, burst_i: 0, g: 0.7, gamma_ee: 0.238057159035, gamma_ei: 0.96036052,
  gamma_ie: 0.09433971, gamma_ii: 0.03515029, h_e_rest: -77.25328331, h_ee_eq: -12.12987984,
  h_ei_eq: -18.81909103, h_i_rest: -77.41989135, h_ie_eq: -89.3336981, h_ii_eq: -88.46637855,
  k: 1.0000000492, mu_e: -54.09610984, mu_i: -46.96166983, mu_slow_e: 0, mu_slow_i: 0,
  nu_slow_e: 0, nu_slow_i: 0, p_ee: 4.2298634051, p_ei: 4.8926703179, p_ie: 0.0, p_ii: 0.0,
  phi_ie: 0, phi_ii: 0, r_abs: 0.0, s_e_max: 0.0848013, s_i_max: 0.412093, sigma_e: 6.32714899,
  sigma_i: 5.82718587, tor_e: 135.671, tor_i: 16.6913, tor_slow: 6783.549999999999,
  v: 0.180118, weight_slow_e: 2.0, weight_slow_i: 2.0}
