00424.ode: {A_ee: 0.60182759, A_ei: 0.60182759, N_alpha_ee: 3393.82068459, N_alpha_ei: 1557.75651269,
  N_beta_ee: 3433.37619884, N_beta_ei: 4593.30473961, N_beta_ie: 911.00205011, N_beta_ii: 610.49858118,
  R: 1.0, T_ee: 0.53469125, T_ei: 1.25770076, T_ie: 1.53991769, T_ii: 0.75587665,
  burst_e: 0, burst_i: 0, g: 0.9, gamma_ee: 0.32482299258, gamma_ei: 0.26858608, gamma_ie: 0.35921972,
  gamma_ii: 0.08831963, h_e_rest: -74.97143113, h_ee_eq: 9.40817061, h_ei_eq: -10.60058707,
  h_i_rest: -78.22294854, h_ie_eq: -86.47594102, h_ii_eq: -88.80759157, k: 1.0000012921,
  mu_e: -47.56336528, mu_i: -50.11090139, mu_slow_e: 0, mu_slow_i: 0, nu_slow_e: 0,
  nu_slow_i: 0, p_ee: 2.3644904803, p_ei: 2.1906614056, p_ie: 0.0, p_ii: 0.0, phi_ie: 0,
  phi_ii: 0, r_abs: 0.0, s_e_max: 0.151731, s_i_max: 0.249801, sigma_e: 5.300732,
  sigma_i: 2.1654381, tor_e: 47.6035, tor_i: 134.949, tor_slow: 2380.1749999999997,
  v: 0.121836, weight_slow_e: 70, weight_slow_i: 1}
