00407.ode: {A_ee: 0.42559063, A_ei: 0.42559063, N_alpha_ee: 2388.58382562, N_alpha_ei: 1363.017847,
  N_beta_ee: 2297.85848842, N_beta_ei: 4928.35713547, N_beta_ie: 986.81032853, N_beta_ii: 177.66668968,
  R: 1.0, T_ee: 0.11220613, T_ei: 0.68376324, T_ie: 0.52570224, T_ii: 0.66611188,
  burst_e: 0, burst_i: 0, g: 0.7, gamma_ee: 0.193411708132, gamma_ei: 0.94780143,
  gamma_ie: 0.32723676, gamma_ii: 0.09381276, h_e_rest: -71.23402029, h_ee_eq: -17.70454573,
  h_ei_eq: -11.15205756, h_i_rest: -68.78047766, h_ie_eq: -84.72401675, h_ii_eq: -78.60516457,
  k: 1.0000013031, mu_e: -43.33604373, mu_i: -44.64680776, mu_slow_e: 0, mu_slow_i: 0,
  nu_slow_e: 0, nu_slow_i: 0, p_ee: 4.7308250633, p_ei: 0.83622215018, p_ie: 0.0,
  p_ii: 0.0, phi_ie: 0, phi_ii: 0, r_abs: 0.0, s_e_max: 0.240713, s_i_max: 0.0924008,
  sigma_e: 6.64522853, sigma_i: 2.10919076, tor_e: 76.4731, tor_i: 95.3681, tor_slow: 3823.655,
  v: 0.16678, weight_slow_e: 4, weight_slow_i: 2}
