00422.ode: {A_ee: 0.62243122, A_ei: 0.62243122, N_alpha_ee: 3538.34964965, N_alpha_ei: 2029.68674946,
  N_beta_ee: 3418.9783984, N_beta_ei: 3114.42152742, N_beta_ie: 985.75407881, N_beta_ii: 424.78340623,
  R: 1.0, T_ee: 0.24731183, T_ei: 0.23500327, T_ie: 1.97689269, T_ii: 0.31430464,
  burst_e: 0, burst_i: 0, g: 1, gamma_ee: 0.383085824055, gamma_ei: 0.82369384, gamma_ie: 0.42954514,
  gamma_ii: 0.08423824, h_e_rest: -76.11819179, h_ee_eq: -17.31701117, h_ei_eq: -14.50711775,
  h_i_rest: -73.37673623, h_ie_eq: -85.38282775, h_ii_eq: -78.84265672, k: 1.0000000323,
  mu_e: -49.13945432, mu_i: -49.78719133, mu_slow_e: 0, mu_slow_i: 0, nu_slow_e: 0,
  nu_slow_i: 0, p_ee: 4.7309468396, p_ei: 2.9353274585, p_ie: 0.0, p_ii: 0.0, phi_ie: 0,
  phi_ii: 0, r_abs: 0.0, s_e_max: 0.362161, s_i_max: 0.410919, sigma_e: 5.33634191,
  sigma_i: 3.86128394, tor_e: 97.5559, tor_i: 47.8813, tor_slow: 9755.59, v: 0.904924,
  weight_slow_e: 4, weight_slow_i: 1}
