00214.ode: {A_ee: 1.943756305, A_ei: 0.1943756305, N_alpha_ee: 2661.274299, N_alpha_ei: 2415.41369,
  N_beta_ee: 4537.657838, N_beta_ei: 4285.318574, N_beta_ie: 496.4015214, N_beta_ii: 989.8177416,
  R: 1.0, T_ee: 0.426272815, T_ei: 1.718762667, T_ie: 0.857083964, T_ii: 1.322388202,
  burst_e: 0, burst_i: 0, gamma_ee: 0.78950312677, gamma_ei: 0.82632296, gamma_ie: 0.14776569,
  gamma_ii: 0.04887233, h_e_rest: -75.54580909, h_ee_eq: -16.50733437, h_ei_eq: -2.729873877,
  h_i_rest: -75.55674507, h_ie_eq: -88.67197452, h_ii_eq: -85.43395694, k: 1.0000010807,
  mu_e: -42.50180811, mu_i: -48.70101116, mu_slow_e: 0, mu_slow_i: 0, nu_slow_e: 0,
  nu_slow_i: 0, p_ee: 7.1858700524, p_ei: 6.7944395893, p_ie: 0.0, p_ii: 0.0, phi_ie: 0,
  phi_ii: 0, r_abs: 0.0, s_e_max: 0.450176, s_i_max: 0.07468, sigma_e: 5.024823991,
  sigma_i: 3.22531141, tor_e: 38.9, tor_i: 137.859, tor_slow: 1, v: 0.824583, v_ee: 0.824583,
  v_ei: 0.016491659999999998}
