00460.ode: {A_ee: 0.418331295, A_ei: 0.418331295, N_alpha_ee: 3524.127975, N_alpha_ei: 1178.475832,
  N_beta_ee: 4567.016139, N_beta_ei: 2946.029337, N_beta_ie: 705.6645138, N_beta_ii: 155.6924316,
  R: 1.0, T_ee: 1.030206899, T_ei: 1.245480131, T_ie: 1.661138507, T_ii: 1.144879622,
  burst_e: 0, burst_i: 0, g_ee: 1290.08, g_ei: 1290.08, gamma_ee: 0.71336694981, gamma_ei: 0.53411167,
  gamma_ie: 0.3947289, gamma_ii: 0.03234102, h_e_rest: -79.27217543, h_ee_eq: -19.32193417,
  h_ei_eq: -8.307573166, h_i_rest: -76.08372036, h_ie_eq: -85.45750982, h_ii_eq: -84.48223465,
  k: 1.0000042199, mu_e: -54.37736285, mu_i: -54.60726943, mu_slow_e: 0, mu_slow_i: 0,
  nu_slow_e: 0, nu_slow_i: 0, p_ee: 6.8330303706, p_ei: 9.2679440497, p_ie: 0.0, p_ii: 0.0,
  phi_ie: 0, phi_ii: 0, r_abs: 0.0, s_e_max: 0.0637001, s_i_max: 0.0838227, sigma_e: 4.16943943,
  sigma_i: 2.126102814, tor_e: 73.3, tor_i: 75.2, tor_slow: 1, tor_slow_ee: 1612.6,
  tor_slow_ei: 1612.6, v: 0.839055}
