00471.ode: {A_ee: 0.95369083, A_ei: 0.95369083, N_alpha_ee: 2084.1921424, N_alpha_ei: 2118.54742892,
  N_beta_ee: 2143.24748523, N_beta_ei: 3550.5388675, N_beta_ie: 701.17282872, N_beta_ii: 152.16862632,
  R: 1.0, T_ee: 0.16289429, T_ei: 0.8549279, T_ie: 0.30071648, T_ii: 1.28936838, burst_e: 0,
  burst_i: 0, g: 0.7, gamma_ee: 0.1932188114725, gamma_ei: 0.68584631, gamma_ie: 0.25644103,
  gamma_ii: 0.10893313, h_e_rest: -73.00758032, h_ee_eq: -13.33603759, h_ei_eq: -9.41728951,
  h_i_rest: -73.66400185, h_ie_eq: -78.10674579, h_ii_eq: -82.01524305, k: 1.0000040707,
  mu_e: -49.68468301, mu_i: -45.62377752, mu_slow_e: 0, mu_slow_i: 0, nu_slow_e: 0,
  nu_slow_i: 0, p_ee: 8.7398498347, p_ei: 1.0679499098, p_ie: 0.0, p_ii: 0.0, phi_ie: 0,
  phi_ii: 0, r_abs: 0.0, s_e_max: 0.106718, s_i_max: 0.431395, sigma_e: 3.33768755,
  sigma_i: 2.39939873, tor_e: 64.1454, tor_i: 59.2118, tor_slow: 3207.2699999999995,
  v: 0.536127, weight_slow_e: 14000.0, weight_slow_i: 14000.0}
