00356.ode: {A_ee: 0.13856497, A_ei: 0.13856497, N_alpha_ee: 4927.31001225, N_alpha_ei: 1201.25826364,
  N_beta_ee: 3372.90667387, N_beta_ei: 2291.6995889, N_beta_ie: 230.77658947, N_beta_ii: 104.21781265,
  R: 1.0, T_ee: 0.67552881, T_ei: 0.77537076, T_ie: 1.15197525, T_ii: 0.66386137,
  burst_e: 0, burst_i: 0, g: 0.7, gamma_ee: 0.579952385745, gamma_ei: 0.81911223,
  gamma_ie: 0.09005686, gamma_ii: 0.0464444, gamma_slow_ee: 300.0, gamma_slow_ei: 300.0,
  h_e_rest: -72.09145751, h_ee_eq: -19.59301395, h_ei_eq: 8.3103399, h_i_rest: -76.44924023,
  h_ie_eq: -80.10613644, h_ii_eq: -82.46701559, k: 1.000000095, mu_e: -41.42326706,
  mu_i: -53.60128798, mu_slow_e: 0, mu_slow_i: 0, nu_slow_e: 0, nu_slow_i: 0, p_ee: 8.5103698686,
  p_ei: 3.9608735838, p_ie: 0.0, p_ii: 0.0, phi_ie: 0, phi_ii: 0, r_abs: 0.0, s_e_max: 0.312366,
  s_i_max: 0.29525, sigma_e: 3.67967941, sigma_i: 2.36065099, tor_e: 133.269, tor_i: 7.53296,
  tor_slow: 6663.450000000001, v: 0.346437}
