00217.ode: {A_ee: 0.98290561, A_ei: 0.98290561, N_alpha_ee: 3932.88759512, N_alpha_ei: 2529.38115482,
  N_beta_ee: 3247.05557444, N_beta_ei: 4771.07755922, N_beta_ie: 335.30844643, N_beta_ii: 722.40977726,
  R: 1.0, T_ee: 0.40037788, T_ei: 0.87595519, T_ie: 1.49361038, T_ii: 0.39361556,
  burst_e: 0, burst_i: 0, g: 0.7, gamma_ee: 0.39896856812, gamma_ei: 0.62707608, gamma_ie: 0.20334069,
  gamma_ii: 0.0919566, h_e_rest: -60.88930388, h_ee_eq: -12.67652609, h_ei_eq: -16.10865827,
  h_i_rest: -70.90550839, h_ie_eq: -66.64919536, h_ii_eq: -82.04776527, k: 1.0000012703,
  mu_e: -46.43666932, mu_i: -52.28212541, mu_slow_e: 0, mu_slow_i: 0, nu_slow_e: 0,
  nu_slow_i: 0, p_ee: 6.5555212259, p_ei: 2.6052195134, p_ie: 0.0, p_ii: 0.0, phi_ie: 0,
  phi_ii: 0, r_abs: 0.0, s_e_max: 0.0666803, s_i_max: 0.255858, sigma_e: 3.05929222,
  sigma_i: 2.44860937, tor_e: 136.737, tor_i: 89.6793, tor_slow: 6836.849999999999,
  v: 0.117026, weight_slow_e: 40000.0, weight_slow_i: 40000.0}
