00425.ode: {A_ee: 0.37173133, A_ei: 0.37173133, N_alpha_ee: 3406.82863975, N_alpha_ei: 1844.96564178,
  N_beta_ee: 2087.49187136, N_beta_ei: 3506.33386965, N_beta_ie: 986.00417258, N_beta_ii: 575.04479497,
  R: 1.0, T_ee: 0.49610862, T_ei: 1.79755454, T_ie: 0.72394022, T_ii: 0.65342319,
  burst_e: 0, burst_i: 0, g: 0.7, gamma_ee: 0.467847465535, gamma_ei: 0.70189363,
  gamma_ie: 0.25145371, gamma_ii: 0.10036681, h_e_rest: -71.20692401, h_ee_eq: -1.92010768,
  h_ei_eq: -19.55408647, h_i_rest: -75.67661741, h_ie_eq: -82.96869912, h_ii_eq: -84.03594185,
  k: 1.0000002136, mu_e: -42.7656258, mu_i: -40.93684958, mu_slow_e: 0, mu_slow_i: 0,
  nu_slow_e: 0, nu_slow_i: 0, p_ee: 3.3413533964, p_ei: 0.56142162315, p_ie: 0.0,
  p_ii: 0.0, phi_ie: 0, phi_ii: 0, r_abs: 0.0, s_e_max: 0.0723608, s_i_max: 0.0775919,
  sigma_e: 6.07427202, sigma_i: 4.08747853, tor_e: 80.8325, tor_i: 122.613, tor_slow: 4041.625,
  v: 0.518532, weight_slow_e: 7000.0, weight_slow_i: 7000.0}
