00091.ode: {A_ee: 0.78050556, A_ei: 0.78050556, N_alpha_ee: 4839.58648184, N_alpha_ei: 1141.10353875,
  N_beta_ee: 2659.1869144, N_beta_ei: 3177.67165237, N_beta_ie: 130.63323634, N_beta_ii: 254.68648083,
  R: 1.0, T_ee: 0.22026436, T_ei: 1.16232852, T_ie: 1.31950637, T_ii: 0.32128246,
  burst_e: 0, burst_i: 0, g: 0.7, gamma_ee: 0.404941775055, gamma_ei: 0.92666834,
  gamma_ie: 0.26179236, gamma_ii: 0.10859254, h_e_rest: -75.56195173, h_ee_eq: -13.96696405,
  h_ei_eq: 4.99530174, h_i_rest: -65.09204035, h_ie_eq: -83.16650452, h_ii_eq: -75.88219488,
  k: 1.0000009361, mu_e: -54.46858308, mu_i: -42.71318857, mu_slow_e: 0, mu_slow_i: 0,
  nu_slow_e: 0, nu_slow_i: 0, p_ee: 7.7031919036, p_ei: 2.9732607955, p_ie: 0.0, p_ii: 0.0,
  phi_ie: 0, phi_ii: 0, r_abs: 0.0, s_e_max: 0.303227, s_i_max: 0.40757, sigma_e: 4.22204966,
  sigma_i: 3.25677257, tor_e: 113.433, tor_i: 111.729, tor_slow: 5671.650000000001,
  v: 0.53023, weight_slow_e: 20000.0, weight_slow_i: 20000.0}
