'1.1': {A_ee: 0.33012064, A_ei: 0.033012064, N_alpha_ee: 2342.99410942, N_alpha_ei: 2635.01259668,
  N_beta_ee: 4016.1981429, N_beta_ei: 4356.20256437, N_beta_ie: 634.73935613, N_beta_ii: 473.38388612,
  R: 1.0, T_ee: 0.13699266, T_ei: 0.4439827, T_ie: 2.85705762, T_ii: 0.28147566, burst_e: 0,
  burst_i: 0, gamma_ee: 0.244953287255, gamma_ei: 0.82969594, gamma_ie: 0.5036668120000001,
  gamma_ii: 0.09912612600000001, h_e_rest: -61.7485641, h_ee_eq: 5.73011624, h_ei_eq: 2.099135,
  h_i_rest: -64.46142322, h_ie_eq: -81.67044311, h_ii_eq: -82.29433835, k: 1.0000010012,
  mu_e: -53.10048735, mu_i: -53.68380602, mu_slow_e: 0, mu_slow_i: 0, nu_slow_e: 0,
  nu_slow_i: 0, p_ee: 3.6997382629, p_ei: 0.60015865013, p_ie: 0.0, p_ii: 0.0, phi_ie: 0,
  phi_ii: 0, r_abs: 0.0, s_e_max: 0.0930382, s_i_max: 0.0648537, sigma_e: 4.64535035,
  sigma_i: 3.10925431, tor_e: 86.1876, tor_i: 65.0391, tor_slow: 1, v: 0.160606, v_ee: 0.160606,
  v_ei: 0.160606}
