00302.ode: {A_ee: 0.6943909, A_ei: 0.6943909, N_alpha_ee: 4463.41775379, N_alpha_ei: 1967.5294305,
  N_beta_ee: 3076.77281372, N_beta_ei: 4610.12381763, N_beta_ie: 922.83084668, N_beta_ii: 191.53707563,
  R: 1.0, T_ee: 0.30428429, T_ei: 1.69074733, T_ie: 0.98268066, T_ii: 0.4620708, burst_e: 0,
  burst_i: 0, g: 0.7, gamma_ee: 0.48800895348, gamma_ei: 0.84352077, gamma_ie: 0.31847346,
  gamma_ii: 0.07847688, h_e_rest: -69.61245634, h_ee_eq: -6.44306661, h_ei_eq: -14.83058714,
  h_i_rest: -69.27025866, h_ie_eq: -88.82072658, h_ii_eq: -88.78255643, k: 0.99999943347,
  mu_e: -48.20240571, mu_i: -45.40341491, mu_slow_e: 0, mu_slow_i: 0, nu_slow_e: 0,
  nu_slow_i: 0, p_ee: 8.533099961, p_ei: 1.4504792573, p_ie: 0.0, p_ii: 0.0, phi_ie: 0,
  phi_ii: 0, r_abs: 0.0, s_e_max: 0.234392, s_i_max: 0.115064, sigma_e: 4.77070637,
  sigma_i: 2.85000017, tor_e: 112.029, tor_i: 44.5577, tor_slow: 5601.45, v: 0.347307,
  weight_slow_e: 45000.0, weight_slow_i: 45000.0}
