00067.ode: {A_ee: 0.80222916, A_ei: 0.80222916, N_alpha_ee: 2929.82497389, N_alpha_ei: 1821.58581485,
  N_beta_ee: 2465.65361901, N_beta_ei: 4240.37477665, N_beta_ie: 312.99093101, N_beta_ii: 203.96253336,
  R: 1.0, T_ee: 0.1444839, T_ei: 0.46176022, T_ie: 1.84742581, T_ii: 0.20394252, burst_e: 0,
  burst_i: 0, g: 0.7, gamma_ee: 0.255852914605, gamma_ei: 0.77094927, gamma_ie: 0.42071575,
  gamma_ii: 0.07123464, h_e_rest: -65.06546162, h_ee_eq: -19.74132261, h_ei_eq: 7.68822253,
  h_i_rest: -72.16780503, h_ie_eq: -83.29223696, h_ii_eq: -77.30134043, k: 1.0000002834,
  mu_e: -51.54602898, mu_i: -46.74627529, mu_slow_e: 0, mu_slow_i: 0, nu_slow_e: 0,
  nu_slow_i: 0, p_ee: 2.393296358, p_ei: 3.5755749078, p_ie: 0.0, p_ii: 0.0, phi_ie: 0,
  phi_ii: 0, r_abs: 0.0, s_e_max: 0.149894, s_i_max: 0.357406, sigma_e: 5.27340889,
  sigma_i: 6.18181522, thal_e: 4000.0, thal_i: 4000.0, tor_e: 121.203, tor_i: 92.7013,
  tor_slow: 6060.150000000001, v: 0.191502}
