00068.ode: {A_ee: 0.30034675, A_ei: 0.30034675, N_alpha_ee: 3787.26882338, N_alpha_ei: 1728.67796977,
  N_beta_ee: 2488.11728856, N_beta_ei: 3802.84138248, N_beta_ie: 474.87178332, N_beta_ii: 118.96830765,
  R: 1.0, T_ee: 0.25752421, T_ei: 0.4360618, T_ie: 0.38754029, T_ii: 0.65766828, burst_e: 0,
  burst_i: 0, g: 0.7, gamma_ee: 0.33062221146, gamma_ei: 0.527612, gamma_ie: 0.22559837,
  gamma_ii: 0.06800216, gamma_slow_ee: 200.0, gamma_slow_ei: 200.0, h_e_rest: -71.51288831,
  h_ee_eq: -19.51266542, h_ei_eq: -1.52871198, h_i_rest: -71.48552869, h_ie_eq: -76.57420817,
  h_ii_eq: -83.59351701, k: 1.0000033152, mu_e: -43.96856603, mu_i: -41.62368185,
  mu_slow_e: 0, mu_slow_i: 0, nu_slow_e: 0, nu_slow_i: 0, p_ee: 6.6467302626, p_ei: 1.8458181991,
  p_ie: 0.0, p_ii: 0.0, phi_ie: 0, phi_ii: 0, r_abs: 0.0, s_e_max: 0.191826, s_i_max: 0.445326,
  sigma_e: 4.71739671, sigma_i: 3.06568233, tor_e: 109.198, tor_i: 27.7123, tor_slow: 5459.9,
  v: 0.888689}
