00324.ode: {A_ee: 0.61905729, A_ei: 0.61905729, N_alpha_ee: 3118.65618924, N_alpha_ei: 1399.91773125,
  N_beta_ee: 2003.87443556, N_beta_ei: 4704.86531859, N_beta_ie: 721.47825236, N_beta_ii: 176.37174766,
  R: 1.0, T_ee: 0.30232871, T_ei: 1.76725256, T_ie: 1.64601015, T_ii: 1.44644363,
  burst_e: 0, burst_i: 0, g: 0.7, gamma_ee: 0.36222269696, gamma_ei: 0.91261281, gamma_ie: 0.23480598,
  gamma_ii: 0.08203335, h_e_rest: -65.67535773, h_ee_eq: 4.50377291, h_ei_eq: 8.57820914,
  h_i_rest: -72.96913941, h_ie_eq: -89.62991895, h_ii_eq: -85.40147113, k: 1.0000001983,
  mu_e: -46.64295266, mu_i: -43.77501929, mu_slow_e: 0, mu_slow_i: 0, nu_slow_e: 0,
  nu_slow_i: 0, p_ee: 3.1266299941, p_ei: 1.7118178753, p_ie: 0.0, p_ii: 0.0, phi_ie: 0,
  phi_ii: 0, r_abs: 0.0, s_e_max: 0.147523, s_i_max: 0.298711, sigma_e: 4.89722759,
  sigma_i: 2.95292051, tor_e: 94.0426, tor_i: 61.3909, tor_slow: 4702.129999999999,
  v: 0.514724, weight_slow_e: 40000.0, weight_slow_i: 40000.0}
