00432.ode: {A_ee: 0.43422433, A_ei: 0.43422433, N_alpha_ee: 4532.87230597, N_alpha_ei: 2930.62035643,
  N_beta_ee: 2551.65878523, N_beta_ei: 4220.77667723, N_beta_ie: 413.36109131, N_beta_ii: 247.52981157,
  R: 1.0, T_ee: 0.54624629, T_ei: 1.1951621, T_ie: 1.79693619, T_ii: 0.8669214, burst_e: 0,
  burst_i: 0, g: 0.7, gamma_ee: 0.563974379305, gamma_ei: 0.59887808, gamma_ie: 0.42451561,
  gamma_ii: 0.09607483, h_e_rest: -72.57582336, h_ee_eq: -10.40326629, h_ei_eq: -19.24179547,
  h_i_rest: -69.3759048, h_ie_eq: -89.82866229, h_ii_eq: -87.91489122, k: 1.0000025546,
  mu_e: -42.19745255, mu_i: -41.6468443, mu_slow_e: 0, mu_slow_i: 0, nu_slow_e: 0,
  nu_slow_i: 0, p_ee: 8.8548383765, p_ei: 1.0245899173, p_ie: 0.0, p_ii: 0.0, phi_ie: 0,
  phi_ii: 0, r_abs: 0.0, s_e_max: 0.214346, s_i_max: 0.152409, sigma_e: 3.4830618,
  sigma_i: 2.18001904, tor_e: 110.075, tor_i: 70.7969, tor_slow: 5503.75, v: 0.592851,
  weight_slow_e: 20000.0, weight_slow_i: 20000.0}
