00020.ode: {A_ee: 0.25741196, A_ei: 0.25741196, N_alpha_ee: 2069.62501354, N_alpha_ei: 1283.14334912,
  N_beta_ee: 2036.43147696, N_beta_ei: 3742.85594176, N_beta_ie: 554.89526468, N_beta_ii: 132.66058864,
  R: 1.0, T_ee: 0.80866562, T_ei: 1.95796752, T_ie: 1.85473725, T_ii: 1.58136218,
  burst_e: 0, burst_i: 0, g: 0.7, gamma_ee: 0.59383347564, gamma_ei: 0.64135746, gamma_ie: 0.22271258,
  gamma_ii: 0.0947772, h_e_rest: -77.05801426, h_ee_eq: 6.09549822, h_ei_eq: -16.03354274,
  h_i_rest: -78.99182383, h_ie_eq: -86.86184854, h_ii_eq: -89.75050588, k: 1.0000001173,
  mu_e: -50.9989697, mu_i: -50.28623567, mu_slow_e: 0, mu_slow_i: 0, nu_slow_e: 0,
  nu_slow_i: 0, p_ee: 1.4872009941, p_ei: 0.59937806164, p_ie: 0.0, p_ii: 0.0, phi_ie: 0,
  phi_ii: 0, r_abs: 0.0, s_e_max: 0.25417, s_i_max: 0.353904, sigma_e: 6.44629086,
  sigma_i: 2.80476356, thal_e: 7000.0, thal_i: 7000.0, tor_e: 115.506, tor_i: 85.9003,
  tor_slow: 5775.3, v: 0.111351}
