00058.ode: {A_ee: 0.32875015, A_ei: 0.32875015, N_alpha_ee: 2998.90330154, N_alpha_ei: 1186.88396839,
  N_beta_ee: 2953.47201729, N_beta_ei: 2503.66812735, N_beta_ie: 643.30046314, N_beta_ii: 270.33671489,
  R: 1.0, T_ee: 0.83419995, T_ei: 0.83277353, T_ie: 1.79627586, T_ii: 0.66195978,
  burst_e: 0, burst_i: 0, g: 0.7, gamma_ee: 0.434120288545, gamma_ei: 0.80307148,
  gamma_ie: 0.10449926, gamma_ii: 0.0521266, gamma_slow_ee: 500.0, gamma_slow_ei: 500.0,
  h_e_rest: -76.76441728, h_ee_eq: 9.58369173, h_ei_eq: -19.44406176, h_i_rest: -79.83063971,
  h_ie_eq: -83.12892533, h_ii_eq: -85.12261047, k: 1.0000003098, mu_e: -43.75760309,
  mu_i: -50.12901066, mu_slow_e: 0, mu_slow_i: 0, nu_slow_e: 0, nu_slow_i: 0, p_ee: 0.064375520618,
  p_ei: 2.0774960812, p_ie: 0.0, p_ii: 0.0, phi_ie: 0, phi_ii: 0, r_abs: 0.0, s_e_max: 0.152998,
  s_i_max: 0.261198, sigma_e: 6.88822288, sigma_i: 3.70665481, tor_e: 108.927, tor_i: 8.18114,
  tor_slow: 5446.35, v: 0.803727}
