00089.ode: {A_ee: 0.57956638, A_ei: 0.57956638, N_alpha_ee: 3883.48050317, N_alpha_ei: 1662.07567913,
  N_beta_ee: 2122.64634721, N_beta_ei: 4563.52455568, N_beta_ie: 973.23450361, N_beta_ii: 389.53379062,
  R: 1.0, T_ee: 1.00231736, T_ei: 0.30086646, T_ie: 1.43833588, T_ii: 0.42152683,
  burst_e: 0, burst_i: 0, g: 0.7, gamma_ee: 0.699541687435, gamma_ei: 0.56153814,
  gamma_ie: 0.32234842, gamma_ii: 0.08791641, h_e_rest: -76.41357387, h_ee_eq: 9.53228621,
  h_ei_eq: -15.23982088, h_i_rest: -74.74586026, h_ie_eq: -84.4810505, h_ii_eq: -83.63428715,
  k: 1.0000019353, mu_e: -53.84476878, mu_i: -54.51566879, mu_slow_e: 0, mu_slow_i: 0,
  nu_slow_e: 0, nu_slow_i: 0, p_ee: 4.1206799569, p_ei: 2.2208498268, p_ie: 0.0, p_ii: 0.0,
  phi_ie: 0, phi_ii: 0, r_abs: 0.0, s_e_max: 0.33607, s_i_max: 0.431396, sigma_e: 2.44791758,
  sigma_i: 2.80863263, thal_e: 10000.0, thal_i: 10000.0, tor_e: 145.007, tor_i: 24.6768,
  tor_slow: 7250.35, v: 0.176555}
