00179.ode: {A_ee: 0.93449478, A_ei: 0.93449478, N_alpha_ee: 3647.53844619, N_alpha_ei: 1015.52447771,
  N_beta_ee: 3982.91708668, N_beta_ei: 4319.48875697, N_beta_ie: 626.28405682, N_beta_ii: 223.18821741,
  R: 1.0, T_ee: 0.87444816, T_ei: 1.47458365, T_ie: 1.65331394, T_ii: 0.84663599,
  burst_e: 0, burst_i: 0, g: 0.7, gamma_ee: 0.61261173456, gamma_ei: 0.65049399, gamma_ie: 0.41180013,
  gamma_ii: 0.09301975, h_e_rest: -77.87326794, h_ee_eq: -14.02140607, h_ei_eq: 8.25012371,
  h_i_rest: -72.63083696, h_ie_eq: -88.57596225, h_ii_eq: -89.58576911, k: 1.0000002163,
  mu_e: -45.93497512, mu_i: -49.16517841, mu_slow_e: 0, mu_slow_i: 0, nu_slow_e: 0,
  nu_slow_i: 0, p_ee: 3.2546901223, p_ei: 0.59558569092, p_ie: 0.0, p_ii: 0.0, phi_ie: 0,
  phi_ii: 0, r_abs: 0.0, s_e_max: 0.309877, s_i_max: 0.40751, sigma_e: 6.46757668,
  sigma_i: 4.04658446, tor_e: 131.945, tor_i: 92.29, tor_slow: 6597.25, v: 0.644848,
  weight_slow_e: 50000.0, weight_slow_i: 50000.0}
