00181.ode: {A_ee: 0.55524985, A_ei: 0.55524985, N_alpha_ee: 2424.37778899, N_alpha_ei: 1803.27608846,
  N_beta_ee: 3510.79939702, N_beta_ei: 4250.84431435, N_beta_ie: 471.18488921, N_beta_ii: 990.46378638,
  R: 1.0, T_ee: 1.14906314, T_ei: 1.35711625, T_ie: 0.71656801, T_ii: 0.14680073,
  burst_e: 0, burst_i: 0, g: 0.7, gamma_ee: 0.705385859405, gamma_ei: 0.96043478,
  gamma_ie: 0.47015228, gamma_ii: 0.11930978, h_e_rest: -73.38988898, h_ee_eq: 6.01703362,
  h_ei_eq: 5.57709817, h_i_rest: -71.40574467, h_ie_eq: -79.35923374, h_ii_eq: -83.34524143,
  k: 1.0000001995, mu_e: -42.06969801, mu_i: -43.60665614, mu_slow_e: 0, mu_slow_i: 0,
  nu_slow_e: 0, nu_slow_i: 0, p_ee: 7.1189004431, p_ei: 1.86669849, p_ie: 0.0, p_ii: 0.0,
  phi_ie: 0, phi_ii: 0, r_abs: 0.0, s_e_max: 0.0517464, s_i_max: 0.107778, sigma_e: 4.96734671,
  sigma_i: 4.19611815, tor_e: 148.085, tor_i: 137.738, tor_slow: 7404.25, v: 0.159065,
  weight_slow_e: 10000.0, weight_slow_i: 10000.0}
