00087.ode: {A_ee: 0.16587653, A_ei: 0.16587653, N_alpha_ee: 2324.04961545, N_alpha_ei: 1294.74410615,
  N_beta_ee: 3157.22473858, N_beta_ei: 4260.25185932, N_beta_ie: 263.55833642, N_beta_ii: 136.99996236,
  R: 1.0, T_ee: 0.15194294, T_ei: 1.20903497, T_ie: 0.54042745, T_ii: 0.3692985, burst_e: 0,
  burst_i: 0, g: 0.7, gamma_ee: 0.446979717015, gamma_ei: 0.95842127, gamma_ie: 0.23242123,
  gamma_ii: 0.08731992, h_e_rest: -68.11153988, h_ee_eq: 4.12816689, h_ei_eq: -9.16799101,
  h_i_rest: -73.07881032, h_ie_eq: -78.33090231, h_ii_eq: -81.28337528, k: 1.0000004573,
  mu_e: -49.60201991, mu_i: -43.71850108, mu_slow_e: 0, mu_slow_i: 0, nu_slow_e: 0,
  nu_slow_i: 0, p_ee: 7.9449001404, p_ei: 8.1274207181, p_ie: 0.0, p_ii: 0.0, phi_ie: 0,
  phi_ii: 0, r_abs: 0.0, s_e_max: 0.487164, s_i_max: 0.312456, sigma_e: 4.38138998,
  sigma_i: 3.33633534, thal_e: 10000.0, thal_i: 10000.0, tor_e: 92.2645, tor_i: 139.627,
  tor_slow: 4613.225, v: 0.33108}
