'3': {A_ee: 0.7725451, A_ei: 0.7725451, N_alpha_ee: 4111.52243899, N_alpha_ei: 2939.96567928,
  N_beta_ee: 2121.71866052, N_beta_ei: 3394.56034703, N_beta_ie: 846.44498012, N_beta_ii: 178.04925483,
  R: 1.0, T_ee: 0.10366809, T_ei: 1.21770713, T_ie: 1.36689191, T_ii: 0.99960889,
  burst_e: 0, burst_i: 0, g_ee: 420.19599999999997, g_ei: 420.19599999999997, gamma_ee: 0.073832766244,
  gamma_ei: 0.82956059, gamma_ie: 1.08454077, gamma_ii: 0.2554419, h_e_rest: -68.11515703,
  h_ee_eq: -6.87621149, h_ei_eq: -10.85384893, h_i_rest: -79.28049732, h_ie_eq: -78.14073183,
  h_ii_eq: -89.33820796, k: 1.0000019623, mu_e: -45.58067421, mu_i: -46.22321005,
  mu_slow_e: 0, mu_slow_i: 0, nu_slow_e: 0, nu_slow_i: 0, p_ee: 3.127140049, p_ei: 5.1569236823,
  p_ie: 0.0, p_ii: 0.0, phi_ie: 0, phi_ii: 0, r_abs: 0.0, s_e_max: 0.112404, s_i_max: 0.170631,
  sigma_e: 3.61819399, sigma_i: 3.12887627, tor_e: 21.0098, tor_i: 77.73, tor_slow: 1,
  tor_slow_ee: 420.19599999999997, tor_slow_ei: 420.19599999999997, v: 0.967908}
