00183.ode: {A_ee: 0.44516749, A_ei: 0.44516749, N_alpha_ee: 3183.65212352, N_alpha_ei: 1377.71249953,
  N_beta_ee: 4769.74584803, N_beta_ei: 4241.92858312, N_beta_ie: 546.25750643, N_beta_ii: 194.33087292,
  R: 1.0, T_ee: 0.17502968, T_ei: 0.89210126, T_ie: 1.01793589, T_ii: 0.33690381,
  burst_e: 0, burst_i: 0, g: 0.7, gamma_ee: 0.356628513455, gamma_ei: 0.50007273,
  gamma_ie: 0.38974067, gamma_ii: 0.0862896, h_e_rest: -62.64659045, h_ee_eq: 3.2731159,
  h_ei_eq: -4.01242045, h_i_rest: -66.30937166, h_ie_eq: -86.24127323, h_ii_eq: -72.81347056,
  k: 1.0000002866, mu_e: -47.48588004, mu_i: -46.19473664, mu_slow_e: 0, mu_slow_i: 0,
  nu_slow_e: 0, nu_slow_i: 0, p_ee: 6.9341809234, p_ei: 0.41168813129, p_ie: 0.0,
  p_ii: 0.0, phi_ie: 0, phi_ii: 0, r_abs: 0.0, s_e_max: 0.152406, s_i_max: 0.265536,
  sigma_e: 5.33917721, sigma_i: 3.61782462, tor_e: 129.22, tor_i: 122.602, tor_slow: 6461.0,
  v: 0.128109, weight_slow_e: 40000.0, weight_slow_i: 40000.0}
