00439.ode: {A_ee: 0.48512866, A_ei: 0.48512866, N_alpha_ee: 2933.82501227, N_alpha_ei: 2544.26484999,
  N_beta_ee: 2029.79938687, N_beta_ei: 3660.99561269, N_beta_ie: 348.31677962, N_beta_ii: 293.02833643,
  R: 1.0, T_ee: 0.36064173, T_ei: 0.42477186, T_ie: 1.60639424, T_ii: 0.21139892,
  burst_e: 0, burst_i: 0, g: 0.7, gamma_ee: 0.464519456125, gamma_ei: 0.63909434,
  gamma_ie: 0.21980673, gamma_ii: 0.05635191, h_e_rest: -74.95686063, h_ee_eq: -19.93499029,
  h_ei_eq: -12.61052608, h_i_rest: -77.8842978, h_ie_eq: -88.05534496, h_ii_eq: -84.80336032,
  k: 1.0000014756, mu_e: -45.87292, mu_i: -40.99502015, mu_slow_e: 0, mu_slow_i: 0,
  nu_slow_e: 0, nu_slow_i: 0, p_ee: 4.2429725262, p_ei: 1.1308398939, p_ie: 0.0, p_ii: 0.0,
  phi_ie: 0, phi_ii: 0, r_abs: 0.0, s_e_max: 0.438569, s_i_max: 0.191412, sigma_e: 5.11528581,
  sigma_i: 5.60866575, tor_e: 106.057, tor_i: 18.6294, tor_slow: 5302.85, v: 0.846647,
  weight_slow_e: 5000.0, weight_slow_i: 5000.0}
