00474.ode: {A_ee: 0.91188793, A_ei: 0.91188793, N_alpha_ee: 4429.77349014, N_alpha_ei: 2326.08175619,
  N_beta_ee: 3238.66995109, N_beta_ei: 2778.63148636, N_beta_ie: 886.34642963, N_beta_ii: 143.49663511,
  R: 1.0, T_ee: 0.45597663, T_ei: 1.89658416, T_ie: 1.20715688, T_ii: 0.36003803,
  burst_e: 0, burst_i: 0, g: 0.7, gamma_ee: 0.415176684335, gamma_ei: 0.76975591,
  gamma_ie: 0.3928102, gamma_ii: 0.05815569, h_e_rest: -63.75509509, h_ee_eq: -2.21851387,
  h_ei_eq: -17.63950776, h_i_rest: -75.01924281, h_ie_eq: -84.14711586, h_ii_eq: -80.3869188,
  k: 1.0000011299, mu_e: -41.32675403, mu_i: -44.12091084, mu_slow_e: 0, mu_slow_i: 0,
  nu_slow_e: 0, nu_slow_i: 0, p_ee: 7.2803793787, p_ei: 0.73479399665, p_ie: 0.0,
  p_ii: 0.0, phi_ie: 0, phi_ii: 0, r_abs: 0.0, s_e_max: 0.0850346, s_i_max: 0.158755,
  sigma_e: 2.21145312, sigma_i: 4.32414514, tor_e: 129.055, tor_i: 22.3019, tor_slow: 6452.75,
  v: 0.722886, weight_slow_e: 30000.0, weight_slow_i: 30000.0}
