'0.5': {A_ee: 0.751724, A_ei: 0.751724, N_alpha_ee: 2266.17186575, N_alpha_ei: 2542.62753089,
  N_beta_ee: 4995.57884782, N_beta_ei: 4417.67184223, N_beta_ie: 930.27897148, N_beta_ii: 308.10861071,
  R: 1.0, T_ee: 0.94161481, T_ei: 0.86169248, T_ie: 0.758742155, T_ii: 0.98591029,
  burst_e: 0, burst_i: 0, g: 0.7, gamma_ee: 0.1629029202355, gamma_ei: 0.52551752,
  gamma_ie: 0.08735716, gamma_ii: 0.074369625, h_e_rest: -77.07092393, h_ee_eq: -14.9579263,
  h_ei_eq: 1.79988199, h_i_rest: -72.89428954, h_ie_eq: -87.5206642, h_ii_eq: -82.0843724,
  k: 1.0000000063, mu_e: -43.58210001, mu_i: -44.3757265, mu_slow_e: 0, mu_slow_i: 0,
  nu_slow_e: 0, nu_slow_i: 0, p_ee: 2.2575102954, p_ei: 2.3555599351, p_ie: 0.0, p_ii: 0.0,
  phi_ie: 0, phi_ii: 0, r_abs: 0.0, s_e_max: 0.0500195, s_i_max: 0.219354, sigma_e: 6.63095946,
  sigma_i: 4.81794358, thal_e: 10.0, thal_i: 6000.0, tor_e: 142.941, tor_i: 123.535,
  tor_slow: 7147.05, v: 0.913105}
