00378.ode: {A_ee: 0.14659069, A_ei: 0.14659069, N_alpha_ee: 2111.86467722, N_alpha_ei: 1014.55701702,
  N_beta_ee: 4551.11869776, N_beta_ei: 4899.26797659, N_beta_ie: 772.08345592, N_beta_ii: 295.58598618,
  R: 1.0, T_ee: 0.2792452, T_ei: 1.15017107, T_ie: 1.43609899, T_ii: 0.97330269, burst_e: 0,
  burst_i: 0, g: 0.7, gamma_ee: 0.48037736635, gamma_ei: 0.8874806, gamma_ie: 0.31995615,
  gamma_ii: 0.08900777, h_e_rest: -75.96483133, h_ee_eq: -19.9631004, h_ei_eq: 2.34397351,
  h_i_rest: -69.33770162, h_ie_eq: -83.54969973, h_ii_eq: -86.57745881, k: 1.0000001333,
  mu_e: -53.15493032, mu_i: -50.35538536, mu_slow_e: 0, mu_slow_i: 0, nu_slow_e: 0,
  nu_slow_i: 0, p_ee: 2.5179021959, p_ei: 0.2682544686, p_ie: 0.0, p_ii: 0.0, phi_ie: 0,
  phi_ii: 0, r_abs: 0.0, s_e_max: 0.198596, s_i_max: 0.407873, sigma_e: 6.3326092,
  sigma_i: 2.27289802, tor_e: 112.808, tor_i: 121.709, tor_slow: 5640.400000000001,
  v: 0.149794, weight_slow_e: 25000.0, weight_slow_i: 25000.0}
