	U(1)=-91.765883999999999787178240D0
	U(2)=-54.629173000000001536591299D0
	U(3)=-730.898320000000012441887520D0
	U(4)=-0.000000000001247237600000D0
	U(5)=914.931950000000028921931516D0
	U(6)=0.000000000004675238100000D0
	U(7)=1401.704199999999900683178566D0
	U(8)=-0.000000000000803393970000D0
	U(9)=278.196259999999995216057869D0
	U(10)=0.000000000002391861400000D0
	U(11)=0.003072108599999999814512D0
	U(12)=0.000000000000000013664915D0
	U(13)=0.003594116999999999971516D0
	U(14)=0.000000000000000019008874D0
