	U(1)=-96.916931000000005269612302D0
	U(2)=-42.959187000000000011823431D0
	U(3)=-501.356929999999977098923409D0
	U(4)=-0.000000000001516552100000D0
	U(5)=61.535313000000002148226486D0
	U(6)=0.000000000000251706780000D0
	U(7)=1935.844499999999925421434455D0
	U(8)=-0.000000000002173326800000D0
	U(9)=328.656279999999981100700097D0
	U(10)=0.000000000000062323261000D0
	U(11)=0.000082524493000000006702D0
	U(12)=0.000000000000000000469376D0
	U(13)=0.000025973714999999999379D0
	U(14)=0.000000000000000000116313D0
