	U(1)=-89.772262999999995258804120D0
	U(2)=-29.681060999999999694409780D0
	U(3)=-317.731780000000014752004063D0
	U(4)=-0.000000000003397371600000D0
	U(5)=1457.432299999999941064743325D0
	U(6)=0.000000000013591893000000D0
	U(7)=2170.419699999999920692062005D0
	U(8)=-0.000000000027076076000000D0
	U(9)=185.822689999999994370227796D0
	U(10)=-0.000000000001035928900000D0
	U(11)=0.055739824000000000314703D0
	U(12)=-0.000000000000000230898960D0
	U(13)=0.014935122000000000327957D0
	U(14)=-0.000000000000000057594779D0
