	U(1)=-114.692570000000003460627340D0
	U(2)=-50.407955000000001177795639D0
	U(3)=-471.548800000000028376234695D0
	U(4)=0.000000000001077597600000D0
	U(5)=771.963499999999953615770210D0
	U(6)=-0.000000000004476119600000D0
	U(7)=2167.235400000000026921043172D0
	U(8)=-0.000000000004938886100000D0
	U(9)=283.618229999999982737790560D0
	U(10)=0.000000000002080858300000D0
	U(11)=0.000000519583350000000027D0
	U(12)=-0.000000000000000000004052D0
	U(13)=0.000000307526850000000010D0
	U(14)=-0.000000000000000000001991D0
