	U(1)=-83.997832999999999969986675D0
	U(2)=-39.610813000000000272393663D0
	U(3)=-752.941829999999981737346388D0
	U(4)=0.000000000001228598100000D0
	U(5)=463.332640000000026248017093D0
	U(6)=-0.000000000002057113600000D0
	U(7)=2161.603000000000065483618528D0
	U(8)=-0.000000000008191062400000D0
	U(9)=598.657410000000027139321901D0
	U(10)=0.000000000001595574300000D0
	U(11)=0.000166130249999999987133D0
	U(12)=-0.000000000000000001143568D0
	U(13)=0.000123008980000000012981D0
	U(14)=-0.000000000000000001291039D0
