	U(1)=-79.010445000000004256435204D0
	U(2)=-50.052132000000000289219315D0
	U(3)=-327.272370000000023537722882D0
	U(4)=0.000000000000581137410000D0
	U(5)=505.032500000000027284841053D0
	U(6)=-0.000000000002041829400000D0
	U(7)=2726.285600000000158615875989D0
	U(8)=0.000000000015630938000000D0
	U(9)=886.740109999999958745320328D0
	U(10)=-0.000000000002161527000000D0
	U(11)=0.002463213399999999823897D0
	U(12)=-0.000000000000000022537575D0
	U(13)=0.002182693700000000111561D0
	U(14)=-0.000000000000000025482942D0
