	U(1)=-81.320976000000001704393071D0
	U(2)=-50.649997999999996523001755D0
	U(3)=-73.314818999999999959982233D0
	U(4)=0.000000000000252462170000D0
	U(5)=364.546299999999973806552589D0
	U(6)=0.000000000002036749700000D0
	U(7)=1625.494799999999941064743325D0
	U(8)=-0.000000000003857235300000D0
	U(9)=575.174989999999979772837833D0
	U(10)=0.000000000000427361520000D0
	U(11)=0.006302522999999999979426D0
	U(12)=0.000000000000000002467713D0
	U(13)=0.005437067200000000356808D0
	U(14)=-0.000000000000000002289273D0
