	U(1)=-85.646820000000005279616744D0
	U(2)=-51.530003000000000668023858D0
	U(3)=-110.855490000000003192326403D0
	U(4)=-0.000000000000084542765000D0
	U(5)=902.045169999999984611349646D0
	U(6)=0.000000000004623146500000D0
	U(7)=474.521880000000010113581084D0
	U(8)=-0.000000000000509101660000D0
	U(9)=172.975950000000011641532183D0
	U(10)=0.000000000000311175670000D0
	U(11)=0.099653891999999993922543D0
	U(12)=0.000000000000000437666160D0
	U(13)=0.038288198000000002452214D0
	U(14)=0.000000000000000229042450D0
