	U(1)=-85.659439000000006103618944D0
	U(2)=-49.414417000000000257387001D0
	U(3)=-332.725070000000016534613678D0
	U(4)=0.000000000000742991930000D0
	U(5)=697.118410000000039872247726D0
	U(6)=0.000000000003952633400000D0
	U(7)=1723.435699999999997089616954D0
	U(8)=0.000000000002388920900000D0
	U(9)=679.422239999999987958290149D0
	U(10)=-0.000000000000184659160000D0
	U(11)=0.000029451345000000000166D0
	U(12)=0.000000000000000000114228D0
	U(13)=0.000018494266000000000443D0
	U(14)=0.000000000000000000115758D0
