	U(1)=-95.654846000000006256414053D0
	U(2)=-45.480105999999999255578587D0
	U(3)=-913.639040000000022700987756D0
	U(4)=-0.000000000000890714260000D0
	U(5)=2304.497600000000147701939568D0
	U(6)=0.000000000016558005000000D0
	U(7)=3646.065900000000056024873629D0
	U(8)=-0.000000000005232485000000D0
	U(9)=1737.563699999999926149030216D0
	U(10)=0.000000000004280214200000D0
	U(11)=0.006701281800000000177242D0
	U(12)=0.000000000000000030463937D0
	U(13)=0.003369730699999999839339D0
	U(14)=0.000000000000000015231808D0
