	U(1)=-119.469960000000000377440301D0
	U(2)=-32.463501000000000829004421D0
	U(3)=-637.368100000000026739144232D0
	U(4)=-0.000000000006812446000000D0
	U(5)=609.491759999999999308784027D0
	U(6)=-0.000000000006808990900000D0
	U(7)=1644.299600000000054933479987D0
	U(8)=-0.000000000013533218000000D0
	U(9)=164.568360000000012632881408D0
	U(10)=0.000000000000844140400000D0
	U(11)=0.000000286268260000000023D0
	U(12)=-0.000000000000000000001746D0
	U(13)=0.000000114093859999999998D0
	U(14)=-0.000000000000000000000445D0
