	U(1)=-87.000938000000004990397429D0
	U(2)=-41.196178000000003294189810D0
	U(3)=-1074.991700000000037107383832D0
	U(4)=0.000000000000430459950000D0
	U(5)=4031.637900000000172440195456D0
	U(6)=0.000000000027169529000000D0
	U(7)=2464.533399999999801366357133D0
	U(8)=-0.000000000011888548000000D0
	U(9)=383.541899999999998271960067D0
	U(10)=-0.000000000001265784800000D0
	U(11)=0.003374312999999999878459D0
	U(12)=0.000000000000000022972619D0
	U(13)=0.001928505700000000084790D0
	U(14)=0.000000000000000011313721D0
