	U(1)=-102.921300000000002228262019D0
	U(2)=-55.950577000000002669821697D0
	U(3)=-343.413180000000011204974726D0
	U(4)=-0.000000000001351478000000D0
	U(5)=564.113529999999968822521623D0
	U(6)=-0.000000000004246209700000D0
	U(7)=1131.360400000000026921043172D0
	U(8)=0.000000000002229609500000D0
	U(9)=781.069759999999973842932377D0
	U(10)=0.000000000000363179570000D0
	U(11)=0.000607889439999999997045D0
	U(12)=-0.000000000000000003875755D0
	U(13)=0.000355059539999999973416D0
	U(14)=-0.000000000000000001934566D0
