	U(1)=-86.614097999999998478415364D0
	U(2)=-45.956614999999999326973921D0
	U(3)=-458.187839999999994233803591D0
	U(4)=0.000000000001973979600000D0
	U(5)=820.544800000000009276845958D0
	U(6)=0.000000000004488597000000D0
	U(7)=1855.583699999999907959136181D0
	U(8)=0.000000000011522262000000D0
	U(9)=313.419280000000014752004063D0
	U(10)=0.000000000000427988430000D0
	U(11)=0.021166552000000001670932D0
	U(12)=0.000000000000000126136230D0
	U(13)=0.009747433499999999528818D0
	U(14)=0.000000000000000063372874D0
