	U(1)=-115.671440000000004033609002D0
	U(2)=-39.103233000000003016793926D0
	U(3)=-388.619750000000010459189070D0
	U(4)=-0.000000000003404590600000D0
	U(5)=185.361359999999990577634890D0
	U(6)=-0.000000000000458748170000D0
	U(7)=1336.916400000000066938810050D0
	U(8)=-0.000000000013577520000000D0
	U(9)=236.881290000000007012204151D0
	U(10)=0.000000000000983289080000D0
	U(11)=0.000000007284428200000000D0
	U(12)=0.000000000000000000000027D0
	U(13)=0.000000002451938200000000D0
	U(14)=0.000000000000000000000014D0
