	U(1)=-85.900870999999995092366589D0
	U(2)=-52.777695000000001357420842D0
	U(3)=-236.827670000000011896190699D0
	U(4)=0.000000000000598575230000D0
	U(5)=308.876219999999989340722095D0
	U(6)=0.000000000001978576200000D0
	U(7)=889.047850000000039472070057D0
	U(8)=-0.000000000001955432300000D0
	U(9)=286.750760000000013860699255D0
	U(10)=0.000000000002522998500000D0
	U(11)=0.404927309999999984757579D0
	U(12)=0.000000000000002030805500D0
	U(13)=0.205013300000000009415402D0
	U(14)=0.000000000000001012049300D0
