	U(1)=-97.118965000000002874003258D0
	U(2)=-44.465018999999998072780727D0
	U(3)=-626.142460000000028230715543D0
	U(4)=0.000000000006817137100000D0
	U(5)=845.283630000000016480043996D0
	U(6)=-0.000000000006817091200000D0
	U(7)=1007.414999999999963620211929D0
	U(8)=0.000000000006802404600000D0
	U(9)=210.498310000000003583409125D0
	U(10)=0.000000000000619446170000D0
	U(11)=0.000344746050000000012637D0
	U(12)=-0.000000000000000002001862D0
	U(13)=0.000196071359999999998355D0
	U(14)=-0.000000000000000000989395D0
