	U(1)=-93.565376000000000544787326D0
	U(2)=-30.083977000000000856516635D0
	U(3)=-1453.191199999999980718712322D0
	U(4)=-0.000000000013372215000000D0
	U(5)=2884.423299999999926512828097D0
	U(6)=0.000000000027255434000000D0
	U(7)=2480.574200000000018917489797D0
	U(8)=-0.000000000027225824000000D0
	U(9)=356.307830000000024028850021D0
	U(10)=-0.000000000001636163400000D0
	U(11)=0.000545266379999999979342D0
	U(12)=0.000000000000000006089558D0
	U(13)=0.000171550900000000004428D0
	U(14)=0.000000000000000001493310D0
