	U(1)=-81.758598000000006322807167D0
	U(2)=-49.257396999999997433405952D0
	U(3)=-90.846160999999995055986801D0
	U(4)=-0.000000000000105923290000D0
	U(5)=1057.286900000000059662852436D0
	U(6)=-0.000000000010395189000000D0
	U(7)=1619.212399999999888677848503D0
	U(8)=-0.000000000002717244200000D0
	U(9)=198.194170000000013942553778D0
	U(10)=-0.000000000000568581150000D0
	U(11)=0.216767590000000009986536D0
	U(12)=-0.000000000000000715592860D0
	U(13)=0.145954329999999993239257D0
	U(14)=-0.000000000000000264701320D0
