	U(1)=-78.502930000000006316440704D0
	U(2)=-48.819012000000000739419193D0
	U(3)=-423.471009999999978390405886D0
	U(4)=0.000000000000791446120000D0
	U(5)=502.704250000000001818989404D0
	U(6)=-0.000000000002007199500000D0
	U(7)=1241.115099999999983992893249D0
	U(8)=0.000000000003292629000000D0
	U(9)=579.027280000000018844730221D0
	U(10)=-0.000000000002109333800000D0
	U(11)=0.002793624299999999862493D0
	U(12)=-0.000000000000000016894858D0
	U(13)=0.002840321499999999988600D0
	U(14)=-0.000000000000000016808664D0
