	U(1)=-83.933021999999994022800820D0
	U(2)=-54.675724000000002433807822D0
	U(3)=-491.944180000000017116690287D0
	U(4)=0.000000000000643815950000D0
	U(5)=525.567440000000033251126297D0
	U(6)=-0.000000000004499362700000D0
	U(7)=622.714290000000005420588423D0
	U(8)=0.000000000000215006140000D0
	U(9)=268.673679999999990286596585D0
	U(10)=-0.000000000000943314000000D0
	U(11)=0.000008280014300000000126D0
	U(12)=-0.000000000000000000059185D0
	U(13)=0.000005216432299999999580D0
	U(14)=-0.000000000000000000029459D0
