	U(1)=-73.119652000000002090018825D0
	U(2)=-51.983929000000003384229785D0
	U(3)=-296.649510000000020681909518D0
	U(4)=-0.000000000000638908790000D0
	U(5)=247.614990000000005920810509D0
	U(6)=0.000000000000991975060000D0
	U(7)=1166.708000000000083673512563D0
	U(8)=-0.000000000002771255000000D0
	U(9)=672.744450000000028921931516D0
	U(10)=0.000000000003722108100000D0
	U(11)=0.188339110000000004019327D0
	U(12)=0.000000000000001016300700D0
	U(13)=0.126611890000000004707914D0
	U(14)=0.000000000000001049544900D0
