	U(1)=-93.359406000000006997652235D0
	U(2)=-50.792706000000002575234248D0
	U(3)=-457.262479999999982283043209D0
	U(4)=-0.000000000003393764400000D0
	U(5)=757.502560000000016771082301D0
	U(6)=-0.000000000004306374700000D0
	U(7)=2985.841100000000096770236269D0
	U(8)=-0.000000000026732158000000D0
	U(9)=464.221650000000011004885891D0
	U(10)=-0.000000000000538601060000D0
	U(11)=0.003212041000000000114806D0
	U(12)=0.000000000000000017471755D0
	U(13)=0.001414170599999999954760D0
	U(14)=0.000000000000000007897171D0
