	U(1)=-83.264099000000001637999958D0
	U(2)=-54.406768999999997049599187D0
	U(3)=-63.169327000000002669821697D0
	U(4)=0.000000000000143159410000D0
	U(5)=476.518979999999999108695192D0
	U(6)=0.000000000002021151700000D0
	U(7)=804.101930000000038489815779D0
	U(8)=0.000000000001681131300000D0
	U(9)=442.376500000000021373125492D0
	U(10)=-0.000000000000444291660000D0
	U(11)=0.127470140000000009550263D0
	U(12)=-0.000000000000001127893000D0
	U(13)=0.059810704999999998732196D0
	U(14)=-0.000000000000000261411330D0
