	U(1)=-266.480869999999981700966600D0
	U(2)=-33.333874000000001558419171D0
	U(3)=-5773.186999999999898136593401D0
	U(4)=-0.000000000026969272000000D0
	U(5)=3901.039099999999962165020406D0
	U(6)=-0.000000000017867938000000D0
	U(7)=1231.320300000000088402885012D0
	U(8)=-0.000000000013534442000000D0
	U(9)=224.753230000000002064552973D0
	U(10)=0.000000000000837614480000D0
	U(11)=0.000000000000000000014975D0
	U(12)=-0.000000000000000000000000D0
	U(13)=0.000000000000000000008169D0
	U(14)=-0.000000000000000000000000D0
