	U(1)=-78.143050999999999817191565D0
	U(2)=-49.562069000000001040007191D0
	U(3)=-295.711790000000007694325177D0
	U(4)=-0.000000000000492042550000D0
	U(5)=1311.400399999999990541255102D0
	U(6)=0.000000000008008974600000D0
	U(7)=1455.141800000000102954800241D0
	U(8)=0.000000000001990851500000D0
	U(9)=278.007970000000000254658516D0
	U(10)=0.000000000001558864300000D0
	U(11)=0.105520909999999995543263D0
	U(12)=0.000000000000000586273960D0
	U(13)=0.103972029999999993066240D0
	U(14)=0.000000000000000585311100D0
