	U(1)=-87.243240000000000122781785D0
	U(2)=-46.161892000000001701209840D0
	U(3)=-841.150269999999977699189913D0
	U(4)=-0.000000000001119133300000D0
	U(5)=931.413879999999949177436065D0
	U(6)=-0.000000000004688964900000D0
	U(7)=1740.236100000000078580342233D0
	U(8)=-0.000000000005393293900000D0
	U(9)=718.927059999999983119778335D0
	U(10)=-0.000000000003767481600000D0
	U(11)=0.000597205710000000048431D0
	U(12)=0.000000000000000001767256D0
	U(13)=0.000685334849999999972878D0
	U(14)=0.000000000000000002130674D0
