	U(1)=-74.357269000000002279193723D0
	U(2)=-49.398560000000003356035450D0
	U(3)=-71.136887000000001535227057D0
	U(4)=0.000000000000188010970000D0
	U(5)=153.502489999999994552126736D0
	U(6)=0.000000000001022016600000D0
	U(7)=947.217830000000049039954320D0
	U(8)=0.000000000000355470700000D0
	U(9)=250.527080000000012205418898D0
	U(10)=0.000000000000914314960000D0
	U(11)=0.131936539999999991046309D0
	U(12)=-0.000000000000001484035500D0
	U(13)=0.029440619000000001204143D0
	U(14)=-0.000000000000000128414620D0
