	U(1)=-112.158289999999993824530975D0
	U(2)=-44.460667000000000825821189D0
	U(3)=-319.019169999999974152160576D0
	U(4)=-0.000000000003378244900000D0
	U(5)=534.108460000000036416167859D0
	U(6)=-0.000000000003839854600000D0
	U(7)=1255.428699999999935243977234D0
	U(8)=-0.000000000013561298000000D0
	U(9)=118.853449999999995156940713D0
	U(10)=0.000000000000339495140000D0
	U(11)=0.000000020109274000000000D0
	U(12)=0.000000000000000000000123D0
	U(13)=0.000000018425356999999999D0
	U(14)=0.000000000000000000000124D0
