	U(1)=-99.519951000000006047230272D0
	U(2)=-52.588593000000003030436346D0
	U(3)=-499.333340000000021063897293D0
	U(4)=0.000000000000661629060000D0
	U(5)=734.455690000000004147295840D0
	U(6)=-0.000000000004024485200000D0
	U(7)=1458.695999999999912688508630D0
	U(8)=-0.000000000004527405800000D0
	U(9)=525.531010000000037507561501D0
	U(10)=-0.000000000004094605300000D0
	U(11)=0.000251168009999999978458D0
	U(12)=-0.000000000000000001980019D0
	U(13)=0.000144574530000000011851D0
	U(14)=-0.000000000000000000977148D0
