	U(1)=-81.382271000000002914021024D0
	U(2)=-49.393428999999997586201061D0
	U(3)=-756.506409999999959836713970D0
	U(4)=0.000000000000233061290000D0
	U(5)=480.946619999999995798134478D0
	U(6)=0.000000000001953304100000D0
	U(7)=1454.018299999999953797669150D0
	U(8)=0.000000000004232936900000D0
	U(9)=810.529599999999959436536301D0
	U(10)=0.000000000005715602500000D0
	U(11)=0.067322737999999993085964D0
	U(12)=0.000000000000000490204070D0
	U(13)=0.044873285999999998341359D0
	U(14)=0.000000000000000240724250D0
