	U(1)=-78.232985999999996806764102D0
	U(2)=-15.955068000000000694171831D0
	U(3)=-410.575229999999976371327648D0
	U(4)=-0.000000000003394055400000D0
	U(5)=2074.044899999999870487954468D0
	U(6)=-0.000000000027204341000000D0
	U(7)=5598.721700000000055297277868D0
	U(8)=-0.000000000054497538000000D0
	U(9)=408.210879999999974643287715D0
	U(10)=0.000000000001687007700000D0
	U(11)=0.019121662000000001074840D0
	U(12)=-0.000000000000000200838050D0
	U(13)=0.008918237900000000606404D0
	U(14)=-0.000000000000000100042560D0
