	U(1)=-84.088768000000001734406396D0
	U(2)=-52.678775999999999157807906D0
	U(3)=-98.927147000000005050424079D0
	U(4)=0.000000000000129640760000D0
	U(5)=356.397769999999979972926667D0
	U(6)=-0.000000000002375716800000D0
	U(7)=536.603820000000041545717977D0
	U(8)=0.000000000000698827770000D0
	U(9)=93.923148999999995112375473D0
	U(10)=-0.000000000000796476440000D0
	U(11)=0.323868160000000016029986D0
	U(12)=-0.000000000000001891383100D0
	U(13)=0.191969420000000001724771D0
	U(14)=-0.000000000000000875207910D0
