	U(1)=-92.798798000000005004039849D0
	U(2)=-46.406174000000000035015546D0
	U(3)=-293.258179999999981646396918D0
	U(4)=-0.000000000000573181260000D0
	U(5)=652.895999999999958163243718D0
	U(6)=-0.000000000004706964000000D0
	U(7)=3236.069100000000162253854796D0
	U(8)=0.000000000007755390100000D0
	U(9)=338.019529999999974734237185D0
	U(10)=0.000000000000087239704000D0
	U(11)=0.002263002100000000103158D0
	U(12)=0.000000000000000013690655D0
	U(13)=0.001192899700000000107886D0
	U(14)=0.000000000000000006793275D0
