	U(1)=-99.052329999999997767190507D0
	U(2)=-47.968322999999998046405381D0
	U(3)=-289.366519999999979972926667D0
	U(4)=-0.000000000000851312620000D0
	U(5)=349.386109999999973751982907D0
	U(6)=-0.000000000002094722200000D0
	U(7)=960.236269999999990432115737D0
	U(8)=0.000000000000681505850000D0
	U(9)=293.321840000000008785718819D0
	U(10)=-0.000000000001553227700000D0
	U(11)=0.000374132270000000007222D0
	U(12)=-0.000000000000000001827889D0
	U(13)=0.000264165279999999981497D0
	U(14)=-0.000000000000000001857726D0
