	U(1)=-76.289512999999999465217115D0
	U(2)=-45.369067999999998619387043D0
	U(3)=-58.306446000000001106400305D0
	U(4)=0.000000000000022977559000D0
	U(5)=322.267299999999977444531396D0
	U(6)=-0.000000000002038812700000D0
	U(7)=3261.919199999999818828655407D0
	U(8)=0.000000000017539518000000D0
	U(9)=735.803530000000023392203730D0
	U(10)=0.000000000000618888510000D0
	U(11)=0.787642179999999969552960D0
	U(12)=-0.000000000000001305554200D0
	U(13)=0.379340230000000000476490D0
	U(14)=-0.000000000000000704945500D0
