	U(1)=-97.436295000000001209627953D0
	U(2)=-48.138905000000001166426955D0
	U(3)=-522.549740000000042527972255D0
	U(4)=-0.000000000006805050400000D0
	U(5)=997.714540000000056352291722D0
	U(6)=0.000000000005581130600000D0
	U(7)=2486.827600000000074942363426D0
	U(8)=-0.000000000027162689000000D0
	U(9)=517.601379999999949177436065D0
	U(10)=-0.000000000005899000900000D0
	U(11)=0.000600521570000000018408D0
	U(12)=-0.000000000000000003217167D0
	U(13)=0.000453098710000000013450D0
	U(14)=-0.000000000000000001610990D0
