	U(1)=-84.502037000000001398802851D0
	U(2)=-55.767482999999998583007255D0
	U(3)=-301.517400000000009185896488D0
	U(4)=0.000000000000542897970000D0
	U(5)=104.783180000000001541593520D0
	U(6)=0.000000000000518167650000D0
	U(7)=1220.146899999999959618435241D0
	U(8)=0.000000000004256716500000D0
	U(9)=240.054699999999996862243279D0
	U(10)=-0.000000000000257804760000D0
	U(11)=0.232259799999999988484589D0
	U(12)=-0.000000000000000946633330D0
	U(13)=0.230483529999999992021742D0
	U(14)=-0.000000000000000981192800D0
