	U(1)=-94.024665999999996301994543D0
	U(2)=-22.514914999999998457269612D0
	U(3)=-186.267820000000000391082722D0
	U(4)=-0.000000000001670646400000D0
	U(5)=583.232729999999946812749840D0
	U(6)=-0.000000000006795655200000D0
	U(7)=2983.173800000000028376234695D0
	U(8)=-0.000000000027211988000000D0
	U(9)=175.816959999999994579411577D0
	U(10)=0.000000000000844359090000D0
	U(11)=0.000904602290000000044089D0
	U(12)=-0.000000000000000005475756D0
	U(13)=0.000581479049999999997311D0
	U(14)=-0.000000000000000005836397D0
