	U(1)=-98.255904999999998494786269D0
	U(2)=-54.046996999999997512986738D0
	U(3)=-434.745420000000024174369173D0
	U(4)=-0.000000000000519751230000D0
	U(5)=626.951289999999971769284457D0
	U(6)=-0.000000000004056690700000D0
	U(7)=1485.053200000000060754246078D0
	U(8)=-0.000000000004546571000000D0
	U(9)=491.914580000000000836735126D0
	U(10)=-0.000000000003025078900000D0
	U(11)=0.000008241905599999999797D0
	U(12)=-0.000000000000000000058417D0
	U(13)=0.000004800775500000000331D0
	U(14)=-0.000000000000000000029158D0
