	U(1)=-103.691990000000004101821105D0
	U(2)=-47.255111999999996896804078D0
	U(3)=-229.347489999999993415258359D0
	U(4)=0.000000000000193519030000D0
	U(5)=452.296449999999992996890796D0
	U(6)=-0.000000000001972381700000D0
	U(7)=655.726139999999986684997566D0
	U(8)=0.000000000001469081600000D0
	U(9)=84.276413000000005126821634D0
	U(10)=-0.000000000000733197900000D0
	U(11)=0.000216555199999999989586D0
	U(12)=-0.000000000000000000954303D0
	U(13)=0.000104494710000000001608D0
	U(14)=-0.000000000000000000477345D0
