	U(1)=-78.630638000000004694811651D0
	U(2)=-40.110881999999996594397089D0
	U(3)=-123.214939999999998576640792D0
	U(4)=-0.000000000000846169710000D0
	U(5)=492.254489999999975680111675D0
	U(6)=-0.000000000003320831000000D0
	U(7)=3943.330800000000181171344593D0
	U(8)=-0.000000000017078675000000D0
	U(9)=1116.022699999999986175680533D0
	U(10)=0.000000000002151562600000D0
	U(11)=0.046864401999999999448576D0
	U(12)=-0.000000000000000401316590D0
	U(13)=0.030632902000000000047875D0
	U(14)=-0.000000000000000197507380D0
