	U(1)=-115.724270000000004188223102D0
	U(2)=-55.574471000000002618435246D0
	U(3)=-247.747119999999995343387127D0
	U(4)=0.000000000000306630240000D0
	U(5)=107.057720000000003324203135D0
	U(6)=-0.000000000000496340490000D0
	U(7)=1115.159200000000055297277868D0
	U(8)=-0.000000000002270448200000D0
	U(9)=355.408939999999972769728629D0
	U(10)=-0.000000000002271852800000D0
	U(11)=0.000000521107209999999976D0
	U(12)=-0.000000000000000000003556D0
	U(13)=0.000000365427840000000010D0
	U(14)=-0.000000000000000000001762D0
