	U(1)=-91.558548000000001820808393D0
	U(2)=-46.147438000000001068201527D0
	U(3)=-1435.486100000000078580342233D0
	U(4)=-0.000000000013626633000000D0
	U(5)=639.159239999999954306986183D0
	U(6)=0.000000000004102675700000D0
	U(7)=1905.021400000000085128704086D0
	U(8)=-0.000000000013381920000000D0
	U(9)=329.863800000000026102497941D0
	U(10)=0.000000000002992731500000D0
	U(11)=0.005901234699999999798459D0
	U(12)=0.000000000000000020230824D0
	U(13)=0.003327778300000000088338D0
	U(14)=0.000000000000000011934035D0
