	U(1)=-95.513840000000001850821718D0
	U(2)=-43.346263999999997906797944D0
	U(3)=-416.748989999999992051016307D0
	U(4)=-0.000000000000042055023000D0
	U(5)=503.097350000000005820766091D0
	U(6)=-0.000000000002530846600000D0
	U(7)=1843.906400000000076033757068D0
	U(8)=0.000000000002248652200000D0
	U(9)=232.037430000000000518411980D0
	U(10)=-0.000000000000137263650000D0
	U(11)=0.005331392899999999775151D0
	U(12)=-0.000000000000000011804532D0
	U(13)=0.003347386400000000074295D0
	U(14)=-0.000000000000000009880831D0
