	U(1)=-99.716446000000004801222531D0
	U(2)=-50.175491000000000951786205D0
	U(3)=-483.475189999999997780832928D0
	U(4)=-0.000000000003397137000000D0
	U(5)=990.712710000000015497789718D0
	U(6)=-0.000000000004471687800000D0
	U(7)=4034.023900000000139698386192D0
	U(8)=-0.000000000027258777000000D0
	U(9)=1257.184799999999995634425431D0
	U(10)=0.000000000005077999200000D0
	U(11)=0.000005357045200000000187D0
	U(12)=-0.000000000000000000025033D0
	U(13)=0.000002238149399999999849D0
	U(14)=-0.000000000000000000012517D0
