	U(1)=-93.106964000000004944013199D0
	U(2)=-34.280921999999996785390977D0
	U(3)=-1171.265900000000101499608718D0
	U(4)=-0.000000000013424708000000D0
	U(5)=2537.472200000000157160684466D0
	U(6)=0.000000000026770230000000D0
	U(7)=2265.346700000000055297277868D0
	U(8)=-0.000000000026748890000000D0
	U(9)=514.502320000000054278643802D0
	U(10)=-0.000000000000634243470000D0
	U(11)=0.003498927499999999937014D0
	U(12)=0.000000000000000017467505D0
	U(13)=0.002013110099999999846876D0
	U(14)=0.000000000000000020581402D0
