	U(1)=-89.927856000000005565198080D0
	U(2)=-54.738537000000000887212082D0
	U(3)=-74.551017999999999119609129D0
	U(4)=0.000000000000170756240000D0
	U(5)=325.948669999999992796801962D0
	U(6)=-0.000000000002040752500000D0
	U(7)=674.624760000000037507561501D0
	U(8)=0.000000000000117806870000D0
	U(9)=331.709110000000009677023627D0
	U(10)=-0.000000000001501983800000D0
	U(11)=0.005570151399999999884682D0
	U(12)=0.000000000000000027489396D0
	U(13)=0.003845428100000000161407D0
	U(14)=0.000000000000000014356462D0
