	U(1)=-77.578254999999998631210474D0
	U(2)=-53.041744000000001335592970D0
	U(3)=-139.485320000000001527951099D0
	U(4)=0.000000000000704732710000D0
	U(5)=655.956850000000031286617741D0
	U(6)=0.000000000005842710900000D0
	U(7)=1106.848400000000083309714682D0
	U(8)=-0.000000000004289775100000D0
	U(9)=349.406889999999975771061145D0
	U(10)=0.000000000001219192700000D0
	U(11)=0.190564470000000013572006D0
	U(12)=0.000000000000000954158690D0
	U(13)=0.060172386000000001315957D0
	U(14)=0.000000000000000225070290D0
