	U(1)=-95.015343000000001438820618D0
	U(2)=-44.863044999999999618012225D0
	U(3)=-482.505490000000008876668289D0
	U(4)=0.000000000000643137720000D0
	U(5)=1759.518399999999928695615381D0
	U(6)=-0.000000000007927363600000D0
	U(7)=3529.758100000000013096723706D0
	U(8)=0.000000000003199702000000D0
	U(9)=571.224910000000022591848392D0
	U(10)=-0.000000000003627810300000D0
	U(11)=0.008040566000000000726478D0
	U(12)=-0.000000000000000071160581D0
	U(13)=0.005526465799999999775616D0
	U(14)=-0.000000000000000034411617D0
