	U(1)=-80.270729000000002884007699D0
	U(2)=-50.470553999999999916781235D0
	U(3)=-117.545619999999999549800123D0
	U(4)=-0.000000000000311262490000D0
	U(5)=442.883390000000019881554181D0
	U(6)=-0.000000000002029098200000D0
	U(7)=1345.025100000000065847416408D0
	U(8)=-0.000000000003064626000000D0
	U(9)=392.945040000000005875335773D0
	U(10)=-0.000000000001151945100000D0
	U(11)=0.262483450000000007040768D0
	U(12)=0.000000000000002348519500D0
	U(13)=0.129377379999999986281978D0
	U(14)=0.000000000000001187527900D0
