	U(1)=-83.823372000000006210029824D0
	U(2)=-51.002605000000002632987162D0
	U(3)=-99.202477000000001794433047D0
	U(4)=0.000000000000397510690000D0
	U(5)=1627.393299999999953797669150D0
	U(6)=-0.000000000007970251200000D0
	U(7)=805.187009999999986575858202D0
	U(8)=0.000000000001639624600000D0
	U(9)=353.705809999999985393515090D0
	U(10)=-0.000000000001937023200000D0
	U(11)=0.081516534000000001602970D0
	U(12)=-0.000000000000000690145290D0
	U(13)=0.038863778000000001600078D0
	U(14)=-0.000000000000000359351320D0
