	U(1)=-78.096374999999994770405465D0
	U(2)=-53.477249000000000478394213D0
	U(3)=-231.528879999999986694092513D0
	U(4)=-0.000000000000377517110000D0
	U(5)=861.969540000000051804818213D0
	U(6)=0.000000000003989289400000D0
	U(7)=2680.574700000000120780896395D0
	U(8)=0.000000000009467386100000D0
	U(9)=1154.489700000000084401108325D0
	U(10)=0.000000000005709965500000D0
	U(11)=0.415716409999999980673380D0
	U(12)=-0.000000000000002190309900D0
	U(13)=0.292361529999999980589109D0
	U(14)=-0.000000000000000194162930D0
