	U(1)=-93.061104000000000269210432D0
	U(2)=-50.234012999999997362010618D0
	U(3)=-495.700229999999976371327648D0
	U(4)=-0.000000000000508626780000D0
	U(5)=929.510440000000016880221665D0
	U(6)=-0.000000000003989721700000D0
	U(7)=3238.929000000000087311491370D0
	U(8)=0.000000000001825627500000D0
	U(9)=700.846440000000029613147490D0
	U(10)=-0.000000000002688580900000D0
	U(11)=0.002875186999999999968441D0
	U(12)=-0.000000000000000015609505D0
	U(13)=0.001409503400000000020859D0
	U(14)=-0.000000000000000007817651D0
