	U(1)=-99.994583000000005768015399D0
	U(2)=-44.859726000000001988610165D0
	U(3)=-294.040160000000014406396076D0
	U(4)=0.000000000001541562900000D0
	U(5)=394.609770000000025902409106D0
	U(6)=0.000000000002070351900000D0
	U(7)=4781.718300000000454019755125D0
	U(8)=-0.000000000007693388500000D0
	U(9)=391.078950000000020281731850D0
	U(10)=0.000000000002671241500000D0
	U(11)=0.001375525100000000089037D0
	U(12)=0.000000000000000007624824D0
	U(13)=0.000671127990000000042292D0
	U(14)=0.000000000000000003812413D0
