	U(1)=-104.816479999999998540261004D0
	U(2)=-18.877376999999999185320121D0
	U(3)=-188.475599999999985811882652D0
	U(4)=-0.000000000001687699000000D0
	U(5)=144.464200000000005275069270D0
	U(6)=-0.000000000001700341600000D0
	U(7)=3031.538100000000213185558096D0
	U(8)=-0.000000000027257679000000D0
	U(9)=204.518910000000005311449058D0
	U(10)=0.000000000000811062150000D0
	U(11)=0.000000112995420000000002D0
	U(12)=-0.000000000000000000000670D0
	U(13)=0.000000094362014999999996D0
	U(14)=-0.000000000000000000000681D0
