	U(1)=-100.442409999999995307007339D0
	U(2)=-17.489218000000001040916686D0
	U(3)=-332.688840000000027430360205D0
	U(4)=-0.000000000003396954600000D0
	U(5)=818.518370000000004438334145D0
	U(6)=-0.000000000006793759100000D0
	U(7)=5181.340299999999842839315534D0
	U(8)=-0.000000000054504970000000D0
	U(9)=111.034589999999994347490428D0
	U(10)=0.000000000000421496170000D0
	U(11)=0.001246954300000000090062D0
	U(12)=-0.000000000000000011583996D0
	U(13)=0.001247201999999999989452D0
	U(14)=-0.000000000000000011583947D0
