	U(1)=-87.227242000000003940840543D0
	U(2)=-54.376572000000003015429684D0
	U(3)=-604.715580000000045401975513D0
	U(4)=0.000000000000319935670000D0
	U(5)=1106.837199999999938881956041D0
	U(6)=0.000000000009173012200000D0
	U(7)=2102.248300000000199361238629D0
	U(8)=-0.000000000013295985000000D0
	U(9)=1094.327399999999897772795521D0
	U(10)=0.000000000000659177900000D0
	U(11)=0.000833946220000000002816D0
	U(12)=0.000000000000000004312088D0
	U(13)=0.000981648099999999929760D0
	U(14)=0.000000000000000009342568D0
