	U(1)=-88.546363999999996963197191D0
	U(2)=-45.528216999999997938175511D0
	U(3)=-513.021179999999958454282023D0
	U(4)=-0.000000000001290122000000D0
	U(5)=1059.759999999999990905052982D0
	U(6)=0.000000000009228229300000D0
	U(7)=967.796079999999960818968248D0
	U(8)=0.000000000001179184200000D0
	U(9)=243.785460000000000491127139D0
	U(10)=0.000000000000173720300000D0
	U(11)=0.017164174000000000791522D0
	U(12)=-0.000000000000000122526530D0
	U(13)=0.009856921600000000463493D0
	U(14)=-0.000000000000000060771318D0
