	U(1)=-93.888572999999993839992385D0
	U(2)=-54.948169999999997514805727D0
	U(3)=-103.473159999999992919583747D0
	U(4)=0.000000000000045452564000D0
	U(5)=613.107300000000009276845958D0
	U(6)=0.000000000004541964000000D0
	U(7)=1070.023599999999987630872056D0
	U(8)=-0.000000000000368814080000D0
	U(9)=198.089069999999992433004081D0
	U(10)=0.000000000001626131000000D0
	U(11)=0.000000760563859999999949D0
	U(12)=-0.000000000000000000002418D0
	U(13)=0.000000228783779999999989D0
	U(14)=-0.000000000000000000000529D0
