	U(1)=-89.650458999999997899976734D0
	U(2)=-46.667060999999996795395418D0
	U(3)=-174.363969999999994797690306D0
	U(4)=0.000000000001025498500000D0
	U(5)=1103.866099999999960346031003D0
	U(6)=0.000000000007999068400000D0
	U(7)=3007.172900000000026921043172D0
	U(8)=0.000000000013413917000000D0
	U(9)=531.975649999999973260855768D0
	U(10)=0.000000000006326505700000D0
	U(11)=0.000001735480499999999934D0
	U(12)=0.000000000000000000007331D0
	U(13)=0.000000918314810000000000D0
	U(14)=0.000000000000000000003648D0
