	U(1)=-86.931495999999995660800778D0
	U(2)=-55.797466000000000008185452D0
	U(3)=-129.420649999999994861354935D0
	U(4)=0.000000000000282686230000D0
	U(5)=1027.016000000000076397554949D0
	U(6)=0.000000000009330532000000D0
	U(7)=1173.214199999999891588231549D0
	U(8)=-0.000000000000474026420000D0
	U(9)=155.718899999999990768628777D0
	U(10)=0.000000000000244980060000D0
	U(11)=0.003980326000000000176426D0
	U(12)=-0.000000000000000038252134D0
	U(13)=0.003942746199999999645591D0
	U(14)=-0.000000000000000039156636D0
