	U(1)=-84.695587000000003286004358D0
	U(2)=-52.392783999999998911789589D0
	U(3)=-588.377989999999954306986183D0
	U(4)=-0.000000000006726903800000D0
	U(5)=421.597350000000005820766091D0
	U(6)=0.000000000001904839600000D0
	U(7)=1566.828099999999949432094581D0
	U(8)=-0.000000000013451061000000D0
	U(9)=489.731350000000020372681320D0
	U(10)=0.000000000002892474700000D0
	U(11)=0.002824553500000000216819D0
	U(12)=-0.000000000000000012640468D0
	U(13)=0.003932478799999999941051D0
	U(14)=-0.000000000000000025292758D0
