	U(1)=-89.661277999999995813595888D0
	U(2)=-30.143142999999998465909812D0
	U(3)=-323.142240000000015243131202D0
	U(4)=0.000000000003374990200000D0
	U(5)=626.681339999999977408151608D0
	U(6)=0.000000000006741522300000D0
	U(7)=1321.265100000000074942363426D0
	U(8)=0.000000000013610826000000D0
	U(9)=127.340249999999997498889570D0
	U(10)=-0.000000000000345833740000D0
	U(11)=0.056095522000000001827669D0
	U(12)=0.000000000000000406751390D0
	U(13)=0.025933839000000000196700D0
	U(14)=0.000000000000000203380340D0
