	U(1)=-88.294005999999995992766344D0
	U(2)=-48.303119999999999834017217D0
	U(3)=-79.320853999999997085978976D0
	U(4)=-0.000000000000373397110000D0
	U(5)=2848.746299999999791907612234D0
	U(6)=0.000000000018277217000000D0
	U(7)=2697.284200000000055297277868D0
	U(8)=-0.000000000012330700000000D0
	U(9)=448.584319999999991068762029D0
	U(10)=-0.000000000000501473970000D0
	U(11)=0.017816604999999999248139D0
	U(12)=-0.000000000000000187085830D0
	U(13)=0.023200578999999998952575D0
	U(14)=-0.000000000000000168330740D0
