	U(1)=-83.039863999999994348399923D0
	U(2)=-51.500042000000000541604095D0
	U(3)=-118.618920000000002801243681D0
	U(4)=-0.000000000000405545960000D0
	U(5)=775.796450000000049840309657D0
	U(6)=-0.000000000004080521900000D0
	U(7)=3657.709499999999934516381472D0
	U(8)=-0.000000000005218952400000D0
	U(9)=1129.363900000000057843863033D0
	U(10)=-0.000000000007106851600000D0
	U(11)=0.120853479999999999239257D0
	U(12)=-0.000000000000000723268780D0
	U(13)=0.074191742000000004964022D0
	U(14)=-0.000000000000000755771820D0
