	U(1)=-97.890891999999993799974618D0
	U(2)=-43.503002000000002169599611D0
	U(3)=-608.259699999999952524376567D0
	U(4)=-0.000000000006739735500000D0
	U(5)=812.486449999999990723154042D0
	U(6)=0.000000000004199001000000D0
	U(7)=4583.365200000000186264514923D0
	U(8)=-0.000000000000098343656000D0
	U(9)=1227.520099999999956708052196D0
	U(10)=-0.000000000010080914000000D0
	U(11)=0.007591925099999999836109D0
	U(12)=-0.000000000000000032206694D0
	U(13)=0.004824262999999999641798D0
	U(14)=-0.000000000000000034000032D0
