	U(1)=-74.067977999999996541191649D0
	U(2)=-44.229171999999998377006705D0
	U(3)=-92.053375000000002614797268D0
	U(4)=0.000000000000286303150000D0
	U(5)=2250.047900000000026921043172D0
	U(6)=0.000000000021807776000000D0
	U(7)=1515.949499999999943611328490D0
	U(8)=0.000000000005212082900000D0
	U(9)=454.595460000000002764863893D0
	U(10)=-0.000000000001327922800000D0
	U(11)=0.327199760000000006154863D0
	U(12)=0.000000000000001274679300D0
	U(13)=0.108823900000000001186962D0
	U(14)=0.000000000000000649363780D0
