	U(1)=-84.922432000000000584805093D0
	U(2)=-45.909709999999996909991751D0
	U(3)=-672.867799999999988358467817D0
	U(4)=0.000000000002466613900000D0
	U(5)=823.679809999999974934326019D0
	U(6)=-0.000000000004024978300000D0
	U(7)=1257.917200000000093496055342D0
	U(8)=0.000000000000908690220000D0
	U(9)=330.021639999999990777723724D0
	U(10)=-0.000000000001074006800000D0
	U(11)=0.021123465000000000990621D0
	U(12)=-0.000000000000000146975340D0
	U(13)=0.012481304999999999830185D0
	U(14)=-0.000000000000000070651184D0
