	U(1)=-115.348860000000001946318662D0
	U(2)=-47.089016000000000872205419D0
	U(3)=-240.140299999999996316546458D0
	U(4)=0.000000000000616404660000D0
	U(5)=262.651729999999986375769367D0
	U(6)=0.000000000002657559500000D0
	U(7)=1449.300899999999955980456434D0
	U(8)=-0.000000000001630977300000D0
	U(9)=690.384519999999952233338263D0
	U(10)=0.000000000001199022100000D0
	U(11)=0.000003865249700000000148D0
	U(12)=-0.000000000000000000029138D0
	U(13)=0.000002191420199999999897D0
	U(14)=-0.000000000000000000014461D0
