	U(1)=-90.351234000000005153196980D0
	U(2)=-40.284633999999996945007297D0
	U(3)=-172.856770000000011577867554D0
	U(4)=-0.000000000001697060000000D0
	U(5)=343.664640000000019881554181D0
	U(6)=-0.000000000002959622600000D0
	U(7)=1392.603299999999990177457221D0
	U(8)=-0.000000000013558508000000D0
	U(9)=291.514400000000023283064365D0
	U(10)=-0.000000000002285932100000D0
	U(11)=0.004243524700000000059175D0
	U(12)=-0.000000000000000049048786D0
	U(13)=0.001692465399999999904612D0
	U(14)=-0.000000000000000011904013D0
