	U(1)=-98.070403999999996358383214D0
	U(2)=-58.183849000000002149590728D0
	U(3)=-942.096009999999978390405886D0
	U(4)=0.000000000001782595900000D0
	U(5)=426.021270000000015443220036D0
	U(6)=0.000000000002204821600000D0
	U(7)=1324.778700000000071668182500D0
	U(8)=-0.000000000004201126900000D0
	U(9)=441.325040000000001327862265D0
	U(10)=0.000000000000588706980000D0
	U(11)=0.003842439000000000010743D0
	U(12)=0.000000000000000015394630D0
	U(13)=0.002110882699999999927848D0
	U(14)=0.000000000000000016307408D0
