	U(1)=-86.497101000000000681211532D0
	U(2)=-49.067718999999996754013409D0
	U(3)=-267.143649999999979627318680D0
	U(4)=0.000000000000211546340000D0
	U(5)=86.810935999999998102794052D0
	U(6)=0.000000000000510101830000D0
	U(7)=785.439390000000003055902198D0
	U(8)=-0.000000000000000000000000D0
	U(9)=236.116579999999999017745722D0
	U(10)=0.000000000001324329000000D0
	U(11)=0.079425155999999996758731D0
	U(12)=0.000000000000000531829700D0
	U(13)=0.019110526999999998681856D0
	U(14)=0.000000000000000132642830D0
