	U(1)=-73.879761000000002013621270D0
	U(2)=-34.333053999999997074610292D0
	U(3)=-211.501399999999989631760400D0
	U(4)=0.000000000000125217570000D0
	U(5)=1251.336900000000014188117348D0
	U(6)=-0.000000000010052601000000D0
	U(7)=6417.575700000000324507709593D0
	U(8)=-0.000000000005553843400000D0
	U(9)=786.648929999999950268829707D0
	U(10)=-0.000000000001829862700000D0
	U(11)=0.113949120000000000962892D0
	U(12)=-0.000000000000000639999940D0
	U(13)=0.054049734000000002054342D0
	U(14)=-0.000000000000000317370280D0
