	U(1)=-96.565460000000001627995516D0
	U(2)=-52.544646999999997660779627D0
	U(3)=-144.803210000000007084963727D0
	U(4)=-0.000000000000087449260000D0
	U(5)=574.996700000000032559910323D0
	U(6)=-0.000000000004075652600000D0
	U(7)=821.476869999999962601577863D0
	U(8)=0.000000000000579182430000D0
	U(9)=221.385940000000005056790542D0
	U(10)=-0.000000000001387196000000D0
	U(11)=0.005302895299999999846607D0
	U(12)=-0.000000000000000028790928D0
	U(13)=0.001805147700000000023438D0
	U(14)=-0.000000000000000007277635D0
