	U(1)=-94.408889999999999531610229D0
	U(2)=-44.925156000000001199623512D0
	U(3)=-602.208799999999996543920133D0
	U(4)=0.000000000005974472700000D0
	U(5)=817.969730000000026848283596D0
	U(6)=0.000000000004075320400000D0
	U(7)=5091.921400000000176078174263D0
	U(8)=-0.000000000013732201000000D0
	U(9)=576.588560000000029504008126D0
	U(10)=0.000000000003152164500000D0
	U(11)=0.003907094699999999649898D0
	U(12)=0.000000000000000030236691D0
	U(13)=0.002289400200000000096950D0
	U(14)=0.000000000000000015010034D0
