	U(1)=-99.625754999999998062776285D0
	U(2)=-42.873404999999998210569174D0
	U(3)=-473.722350000000005820766091D0
	U(4)=-0.000000000001254857700000D0
	U(5)=859.614199999999982537701726D0
	U(6)=-0.000000000005064948900000D0
	U(7)=1924.414399999999886858859099D0
	U(8)=-0.000000000003205714600000D0
	U(9)=433.552090000000021063897293D0
	U(10)=0.000000000000321036740000D0
	U(11)=0.000032798252999999998785D0
	U(12)=0.000000000000000000272858D0
	U(13)=0.000012189891000000000347D0
	U(14)=0.000000000000000000064949D0
