	U(1)=-116.339579999999997994564183D0
	U(2)=-31.269113999999998299017534D0
	U(3)=-149.160570000000006984919310D0
	U(4)=-0.000000000001698559300000D0
	U(5)=45.233223000000002400611265D0
	U(6)=0.000000000000425675640000D0
	U(7)=885.757449999999948886397760D0
	U(8)=-0.000000000006813336800000D0
	U(9)=32.422542999999997448412614D0
	U(10)=-0.000000000000037725252000D0
	U(11)=0.000000574846980000000046D0
	U(12)=-0.000000000000000000003492D0
	U(13)=0.000000257452260000000012D0
	U(14)=-0.000000000000000000001760D0
