	U(1)=-85.298073000000002252818376D0
	U(2)=-47.738388000000000488398655D0
	U(3)=-117.036529999999999063220457D0
	U(4)=-0.000000000000007119809100D0
	U(5)=814.921510000000012041709851D0
	U(6)=-0.000000000004115251500000D0
	U(7)=2327.143599999999878491507843D0
	U(8)=-0.000000000003777894700000D0
	U(9)=374.933530000000018844730221D0
	U(10)=-0.000000000003327911300000D0
	U(11)=0.052077930000000001442562D0
	U(12)=-0.000000000000000204400390D0
	U(13)=0.047593690000000000994707D0
	U(14)=-0.000000000000000161518460D0
