	U(1)=-95.044608999999994125573721D0
	U(2)=-28.364240999999999814917828D0
	U(3)=-113.093540000000004397406883D0
	U(4)=-0.000000000000846362210000D0
	U(5)=184.353260000000005902620615D0
	U(6)=-0.000000000001687679200000D0
	U(7)=2308.075699999999869760358706D0
	U(8)=-0.000000000027157459000000D0
	U(9)=232.128330000000005384208634D0
	U(10)=0.000000000000489890900000D0
	U(11)=0.000336393419999999991610D0
	U(12)=-0.000000000000000002792758D0
	U(13)=0.000244587400000000022501D0
	U(14)=-0.000000000000000002906736D0
