	U(1)=-88.706230000000005020410754D0
	U(2)=-50.837131999999996878614184D0
	U(3)=-271.003719999999987066985341D0
	U(4)=-0.000000000001618687000000D0
	U(5)=2654.373000000000047293724492D0
	U(6)=0.000000000023191810000000D0
	U(7)=2943.964800000000195723259822D0
	U(8)=-0.000000000008427112300000D0
	U(9)=455.188319999999976062099449D0
	U(10)=0.000000000000249967070000D0
	U(11)=0.055703084999999999404885D0
	U(12)=-0.000000000000000275361680D0
	U(13)=0.028043047000000001500730D0
	U(14)=-0.000000000000000137618290D0
