	U(1)=-82.917534000000003402419679D0
	U(2)=-23.624297999999999575493348D0
	U(3)=-162.362410000000011223164620D0
	U(4)=-0.000000000001696032700000D0
	U(5)=351.742520000000013169483282D0
	U(6)=-0.000000000003391221500000D0
	U(7)=1208.049400000000105137587525D0
	U(8)=-0.000000000013613386000000D0
	U(9)=187.280589999999989458956406D0
	U(10)=0.000000000000845212630000D0
	U(11)=0.093277736999999999456534D0
	U(12)=-0.000000000000000775281950D0
	U(13)=0.048639635999999999982357D0
	U(14)=-0.000000000000000388999140D0
