	U(1)=-131.056139999999999190549715D0
	U(2)=-40.286155999999998300609150D0
	U(3)=-608.293459999999981846485753D0
	U(4)=0.000000000000665544550000D0
	U(5)=502.587949999999977990228217D0
	U(6)=0.000000000003385927200000D0
	U(7)=1924.745100000000093132257462D0
	U(8)=-0.000000000004376340900000D0
	U(9)=196.584499999999991359800333D0
	U(10)=-0.000000000001003961500000D0
	U(11)=0.000000038107287999999998D0
	U(12)=-0.000000000000000000000218D0
	U(13)=0.000000017140550000000000D0
	U(14)=-0.000000000000000000000109D0
