	U(1)=-87.297011999999995168764144D0
	U(2)=-52.171393999999999380179361D0
	U(3)=-303.602660000000014406396076D0
	U(4)=-0.000000000003382607100000D0
	U(5)=1789.568800000000010186340660D0
	U(6)=-0.000000000004453126200000D0
	U(7)=1665.794799999999895590008236D0
	U(8)=-0.000000000013606566000000D0
	U(9)=320.257079999999973551894072D0
	U(10)=-0.000000000002253465900000D0
	U(11)=0.639936269999999973734361D0
	U(12)=-0.000000000000003326136600D0
	U(13)=0.221269770000000004506191D0
	U(14)=-0.000000000000000832406440D0
