	U(1)=-123.015900000000002023625711D0
	U(2)=-38.902419999999999333795131D0
	U(3)=-276.439610000000016043486539D0
	U(4)=-0.000000000000168753550000D0
	U(5)=106.396330000000006066329661D0
	U(6)=0.000000000000560069950000D0
	U(7)=2010.670000000000072759576142D0
	U(8)=-0.000000000006230010900000D0
	U(9)=719.289250000000038198777474D0
	U(10)=-0.000000000001358141200000D0
	U(11)=0.000000062544266999999997D0
	U(12)=0.000000000000000000000621D0
	U(13)=0.000000060935469999999994D0
	U(14)=0.000000000000000000000602D0
