	U(1)=-74.140998999999993657183950D0
	U(2)=-47.866112000000001103217073D0
	U(3)=-206.268920000000008485585568D0
	U(4)=-0.000000000000212297930000D0
	U(5)=80.984222000000002594788384D0
	U(6)=0.000000000000487088180000D0
	U(7)=590.610660000000052605173551D0
	U(8)=-0.000000000000491413930000D0
	U(9)=291.565029999999978826963343D0
	U(10)=0.000000000003166929000000D0
	U(11)=0.150533599999999989638155D0
	U(12)=0.000000000000001040550800D0
	U(13)=0.076881841000000006314252D0
	U(14)=0.000000000000000520263250D0
