	U(1)=-81.929923999999999750798452D0
	U(2)=-50.823315000000000907220965D0
	U(3)=-211.417830000000009249561117D0
	U(4)=-0.000000000000394013760000D0
	U(5)=252.998809999999991759978002D0
	U(6)=0.000000000001023928100000D0
	U(7)=835.960630000000037398422137D0
	U(8)=-0.000000000000394147630000D0
	U(9)=255.170809999999988804120221D0
	U(10)=-0.000000000000046907258000D0
	U(11)=0.000233414020000000013277D0
	U(12)=-0.000000000000000001048003D0
	U(13)=0.000204074940000000009570D0
	U(14)=-0.000000000000000001061983D0
