	U(1)=-101.022900000000007025846571D0
	U(2)=-29.371361000000000274212653D0
	U(3)=-180.367780000000010431904229D0
	U(4)=0.000000000001701959000000D0
	U(5)=224.725770000000011350493878D0
	U(6)=-0.000000000001674675600000D0
	U(7)=4059.033899999999903229763731D0
	U(8)=0.000000000027281049000000D0
	U(9)=275.205690000000004147295840D0
	U(10)=0.000000000001494028300000D0
	U(11)=0.000084921731999999997931D0
	U(12)=-0.000000000000000000791476D0
	U(13)=0.000063962740000000006205D0
	U(14)=-0.000000000000000000748886D0
