	U(1)=-87.513442999999995208781911D0
	U(2)=-52.413685000000000968611857D0
	U(3)=-256.477019999999981791916071D0
	U(4)=0.000000000001475681000000D0
	U(5)=1388.725100000000111322151497D0
	U(6)=0.000000000007777954500000D0
	U(7)=1220.165299999999888314050622D0
	U(8)=0.000000000002327152600000D0
	U(9)=740.207819999999969695636537D0
	U(10)=-0.000000000004684194900000D0
	U(11)=0.024411311000000001508736D0
	U(12)=-0.000000000000000129608770D0
	U(13)=0.015434959999999999305520D0
	U(14)=-0.000000000000000063268828D0
