	U(1)=-85.071021999999999252395355D0
	U(2)=-31.862701000000001272383088D0
	U(3)=-532.142460000000028230715543D0
	U(4)=0.000000000006793688400000D0
	U(5)=3353.969999999999799911165610D0
	U(6)=0.000000000019540994000000D0
	U(7)=4319.706500000000232830643654D0
	U(8)=0.000000000054495741000000D0
	U(9)=372.426150000000006912159733D0
	U(10)=0.000000000000641874250000D0
	U(11)=0.031895767999999997954763D0
	U(12)=0.000000000000000290634470D0
	U(13)=0.033446476000000002759549D0
	U(14)=0.000000000000000288220110D0
