	U(1)=-98.655624000000003093191481D0
	U(2)=-49.989406999999999925421434D0
	U(3)=-628.095460000000002764863893D0
	U(4)=-0.000000000003118575500000D0
	U(5)=995.390620000000012623786461D0
	U(6)=0.000000000005902595700000D0
	U(7)=372.211209999999994124664227D0
	U(8)=-0.000000000002918433300000D0
	U(9)=86.217346000000006256414053D0
	U(10)=-0.000000000000467747040000D0
	U(11)=0.011867356000000000779138D0
	U(12)=-0.000000000000000060422089D0
	U(13)=0.004214054899999999936888D0
	U(14)=-0.000000000000000030481235D0
