	U(1)=-91.204498000000000956788426D0
	U(2)=-43.270701999999999998181011D0
	U(3)=-825.035459999999943647708278D0
	U(4)=0.000000000006193067300000D0
	U(5)=1920.494400000000041472958401D0
	U(6)=0.000000000010385079000000D0
	U(7)=4580.384299999999711872078478D0
	U(8)=-0.000000000014537749000000D0
	U(9)=535.782780000000002473825589D0
	U(10)=-0.000000000004890425300000D0
	U(11)=0.012050951000000000717938D0
	U(12)=-0.000000000000000060365596D0
	U(13)=0.003691848399999999880833D0
	U(14)=-0.000000000000000014771920D0
