	U(1)=-99.833770999999998707608029D0
	U(2)=-47.103287000000001683019946D0
	U(3)=-342.105039999999974043021211D0
	U(4)=0.000000000003135885200000D0
	U(5)=558.771179999999958454282023D0
	U(6)=-0.000000000004839981700000D0
	U(7)=1640.108300000000099316821434D0
	U(8)=0.000000000005078821000000D0
	U(9)=248.606809999999995852704160D0
	U(10)=-0.000000000000095994420000D0
	U(11)=0.000004604019099999999709D0
	U(12)=-0.000000000000000000029576D0
	U(13)=0.000005172221799999999675D0
	U(14)=-0.000000000000000000029440D0
