	U(1)=-116.033129999999999881765689D0
	U(2)=-30.990695999999999799001671D0
	U(3)=-210.955659999999994624886313D0
	U(4)=-0.000000000001680973600000D0
	U(5)=210.578779999999994743120624D0
	U(6)=0.000000000001231456500000D0
	U(7)=3298.927499999999781721271574D0
	U(8)=-0.000000000027233072000000D0
	U(9)=451.129759999999976116669131D0
	U(10)=0.000000000000091265015000D0
	U(11)=0.000064718210000000000516D0
	U(12)=-0.000000000000000000400356D0
	U(13)=0.000063051520999999995033D0
	U(14)=-0.000000000000000000400356D0
