	U(1)=-102.149169999999998026396497D0
	U(2)=-47.317059000000000423824531D0
	U(3)=-695.676209999999969113559928D0
	U(4)=0.000000000004721183900000D0
	U(5)=1130.107299999999895590008236D0
	U(6)=-0.000000000010442441000000D0
	U(7)=3007.317599999999856663635001D0
	U(8)=0.000000000019500079000000D0
	U(9)=496.261689999999987321643857D0
	U(10)=-0.000000000003320560800000D0
	U(11)=0.000000002341209700000000D0
	U(12)=-0.000000000000000000000014D0
	U(13)=0.000000002437798600000000D0
	U(14)=-0.000000000000000000000014D0
