	U(1)=-87.014915000000002009983291D0
	U(2)=-46.069201999999997099166649D0
	U(3)=-323.048369999999977153493091D0
	U(4)=-0.000000000001084735300000D0
	U(5)=421.777039999999999508872861D0
	U(6)=-0.000000000000913626810000D0
	U(7)=4905.596700000000055297277868D0
	U(8)=0.000000000025987009000000D0
	U(9)=1258.805299999999988358467817D0
	U(10)=0.000000000006515061500000D0
	U(11)=0.168362469999999986303152D0
	U(12)=0.000000000000001144566400D0
	U(13)=0.095815523999999999138488D0
	U(14)=0.000000000000000564337980D0
