	U(1)=-91.356955999999996720362105D0
	U(2)=-47.799267000000000393811206D0
	U(3)=-177.819140000000004420144251D0
	U(4)=-0.000000000000495002260000D0
	U(5)=342.748629999999991468939697D0
	U(6)=-0.000000000000455433270000D0
	U(7)=1193.500700000000051659299061D0
	U(8)=-0.000000000005202852000000D0
	U(9)=291.735599999999976716935635D0
	U(10)=-0.000000000002433187800000D0
	U(11)=0.031496855999999996689187D0
	U(12)=-0.000000000000000331370640D0
	U(13)=0.036519624000000000529909D0
	U(14)=-0.000000000000000302648070D0
