	U(1)=-83.024283999999994421159499D0
	U(2)=-53.816741999999997858594725D0
	U(3)=-89.970718000000005076799425D0
	U(4)=0.000000000000055644108000D0
	U(5)=207.978090000000008785718819D0
	U(6)=0.000000000001042037200000D0
	U(7)=1199.094200000000000727595761D0
	U(8)=0.000000000001200940300000D0
	U(9)=486.845309999999983574525686D0
	U(10)=0.000000000000269517620000D0
	U(11)=0.449874280000000015267148D0
	U(12)=-0.000000000000001996923800D0
	U(13)=0.116511699999999995824851D0
	U(14)=-0.000000000000000499230580D0
