	U(1)=-96.397307999999995331563696D0
	U(2)=-39.086886999999997271970642D0
	U(3)=-109.745090000000004692992661D0
	U(4)=-0.000000000000456827770000D0
	U(5)=173.640179999999986648617778D0
	U(6)=-0.000000000001683300500000D0
	U(7)=1226.431499999999914507498033D0
	U(8)=0.000000000007257016200000D0
	U(9)=219.361539999999990868673194D0
	U(10)=-0.000000000000022811634000D0
	U(11)=0.041180651999999998147395D0
	U(12)=-0.000000000000000305060800D0
	U(13)=0.018959427000000000917979D0
	U(14)=-0.000000000000000155951840D0
