	U(1)=-92.560280000000005884430720D0
	U(2)=-49.598540999999997325176082D0
	U(3)=-498.456700000000012096279534D0
	U(4)=0.000000000001043703500000D0
	U(5)=953.136600000000044019543566D0
	U(6)=-0.000000000004119617800000D0
	U(7)=3102.551800000000184809323400D0
	U(8)=-0.000000000002379483100000D0
	U(9)=486.334439999999972314981278D0
	U(10)=-0.000000000001234614000000D0
	U(11)=0.006431248500000000256627D0
	U(12)=-0.000000000000000031997867D0
	U(13)=0.005125918900000000014150D0
	U(14)=-0.000000000000000032369483D0
