	U(1)=-84.734375000000000000000000D0
	U(2)=-49.449798999999998727616912D0
	U(3)=-529.466249999999945430317894D0
	U(4)=-0.000000000001911025400000D0
	U(5)=21.438810000000000144382284D0
	U(6)=0.000000000000143397640000D0
	U(7)=968.770869999999945321178529D0
	U(8)=-0.000000000000932114520000D0
	U(9)=440.921510000000012041709851D0
	U(10)=-0.000000000000690258180000D0
	U(11)=0.003924793600000000409755D0
	U(12)=-0.000000000000000027928185D0
	U(13)=0.001775641500000000065282D0
	U(14)=-0.000000000000000005007727D0
