	U(1)=-101.804339999999996280166670D0
	U(2)=-38.607719000000003006789484D0
	U(3)=-627.270509999999944739101920D0
	U(4)=0.000000000006722271600000D0
	U(5)=959.759770000000003165041562D0
	U(6)=0.000000000003259091600000D0
	U(7)=4166.913099999999758438207209D0
	U(8)=0.000000000023361164000000D0
	U(9)=547.340580000000045401975513D0
	U(10)=0.000000000005772306700000D0
	U(11)=0.000000093071491999999998D0
	U(12)=0.000000000000000000000440D0
	U(13)=0.000000059864611000000005D0
	U(14)=0.000000000000000000000445D0
