	U(1)=-77.780181999999996378392098D0
	U(2)=-44.539504999999998346993380D0
	U(3)=-296.847320000000024720065994D0
	U(4)=-0.000000000000279089310000D0
	U(5)=631.865540000000009968061931D0
	U(6)=0.000000000006036656000000D0
	U(7)=854.139279999999985193426255D0
	U(8)=0.000000000001782712900000D0
	U(9)=305.736760000000003856257536D0
	U(10)=0.000000000000143527480000D0
	U(11)=1.388377100000000030632918D0
	U(12)=-0.000000000000000868584960D0
	U(13)=0.729298000000000001818989D0
	U(14)=-0.000000000000001412553600D0
