	U(1)=-91.368842999999998255589162D0
	U(2)=-45.189017999999997243776306D0
	U(3)=-302.314669999999978244886734D0
	U(4)=0.000000000000468190810000D0
	U(5)=1761.967200000000048021320254D0
	U(6)=-0.000000000008465951900000D0
	U(7)=1376.553100000000085856299847D0
	U(8)=-0.000000000005103438100000D0
	U(9)=411.895140000000026248017093D0
	U(10)=-0.000000000002380977800000D0
	U(11)=0.036060034999999997229470D0
	U(12)=0.000000000000000281624770D0
	U(13)=0.015933281000000000526828D0
	U(14)=0.000000000000000144470800D0
