	U(1)=-85.788657999999998082785169D0
	U(2)=-53.520149000000003525201464D0
	U(3)=-63.221877999999996688984538D0
	U(4)=-0.000000000000074285786000D0
	U(5)=614.022280000000023392203730D0
	U(6)=-0.000000000006719490000000D0
	U(7)=2234.057400000000143336364999D0
	U(8)=-0.000000000011360261000000D0
	U(9)=258.947969999999997980921762D0
	U(10)=0.000000000000614462310000D0
	U(11)=0.234217170000000002305640D0
	U(12)=0.000000000000001157876600D0
	U(13)=0.271091369999999998174900D0
	U(14)=0.000000000000002709784000D0
