	U(1)=-91.049896000000003937202564D0
	U(2)=-28.309643000000001222815627D0
	U(3)=-904.166749999999979081621859D0
	U(4)=-0.000000000006719150800000D0
	U(5)=433.157649999999989631760400D0
	U(6)=-0.000000000003387470200000D0
	U(7)=1455.584800000000086583895609D0
	U(8)=-0.000000000013554201000000D0
	U(9)=93.162391999999996983206074D0
	U(10)=0.000000000000421256700000D0
	U(11)=0.001011592499999999913637D0
	U(12)=-0.000000000000000006436216D0
	U(13)=0.000822863189999999957921D0
	U(14)=-0.000000000000000003218852D0
