	U(1)=-80.068084999999996398400981D0
	U(2)=-54.014912000000002478827810D0
	U(3)=-629.293639999999982137524057D0
	U(4)=-0.000000000001787069700000D0
	U(5)=425.099760000000003401510185D0
	U(6)=0.000000000001969524200000D0
	U(7)=2819.311799999999948340700939D0
	U(8)=0.000000000013746358000000D0
	U(9)=690.691770000000019535946194D0
	U(10)=0.000000000005831580400000D0
	U(11)=0.048099887000000000891742D0
	U(12)=0.000000000000000295063110D0
	U(13)=0.013676478000000000592729D0
	U(14)=0.000000000000000072345752D0
