	U(1)=-78.589225999999996474798536D0
	U(2)=-54.634498999999998147814040D0
	U(3)=-721.655330000000049039954320D0
	U(4)=0.000000000000066665125000D0
	U(5)=2737.793200000000069849193096D0
	U(6)=0.000000000017927985000000D0
	U(7)=1223.323100000000067666405812D0
	U(8)=0.000000000001472178900000D0
	U(9)=745.276119999999991705408320D0
	U(10)=0.000000000002440299900000D0
	U(11)=0.090097262999999996879730D0
	U(12)=0.000000000000000082020675D0
	U(13)=0.036388624000000001357247D0
	U(14)=0.000000000000000184731650D0
