	U(1)=-93.931663999999997827217157D0
	U(2)=-48.518776000000002568413038D0
	U(3)=-374.297090000000025611370802D0
	U(4)=0.000000000001018541400000D0
	U(5)=503.524229999999988649506122D0
	U(6)=-0.000000000002122422900000D0
	U(7)=3349.328399999999874125933275D0
	U(8)=-0.000000000006825114700000D0
	U(9)=491.513149999999995998223312D0
	U(10)=-0.000000000003307786100000D0
	U(11)=0.000663762620000000048807D0
	U(12)=0.000000000000000006092695D0
	U(13)=0.000395538340000000016895D0
	U(14)=0.000000000000000002905027D0
