	U(1)=-179.971589999999991960066836D0
	U(2)=-54.314278000000001611624612D0
	U(3)=-947.540769999999952233338263D0
	U(4)=-0.000000000006751161300000D0
	U(5)=83.005088999999998122802936D0
	U(6)=-0.000000000000524804540000D0
	U(7)=985.616269999999985884642228D0
	U(8)=0.000000000002392293200000D0
	U(9)=586.125120000000038089638110D0
	U(10)=0.000000000000462329560000D0
	U(11)=0.000000000000000012198051D0
	U(12)=-0.000000000000000000000000D0
	U(13)=0.000000000000000007749458D0
	U(14)=-0.000000000000000000000000D0
