	U(1)=-84.730316000000001963599061D0
	U(2)=-53.798847000000002083197614D0
	U(3)=-187.797439999999994597601471D0
	U(4)=0.000000000000624635600000D0
	U(5)=433.272400000000004638422979D0
	U(6)=-0.000000000002325619100000D0
	U(7)=1329.018299999999953797669150D0
	U(8)=-0.000000000002207462500000D0
	U(9)=375.040529999999989740899764D0
	U(10)=-0.000000000003368303700000D0
	U(11)=0.000222669419999999994211D0
	U(12)=-0.000000000000000001090694D0
	U(13)=0.000130919190000000011231D0
	U(14)=-0.000000000000000001195485D0
