	U(1)=-80.840537999999995122379914D0
	U(2)=-44.370026000000002852630132D0
	U(3)=-336.329859999999996489350451D0
	U(4)=-0.000000000000267511030000D0
	U(5)=297.478150000000027830537874D0
	U(6)=0.000000000002075421000000D0
	U(7)=1222.791600000000016734702513D0
	U(8)=-0.000000000005113960500000D0
	U(9)=184.673200000000008458300726D0
	U(10)=0.000000000001071021900000D0
	U(11)=0.360842820000000008562324D0
	U(12)=0.000000000000000538363610D0
	U(13)=0.298070369999999973398275D0
	U(14)=0.000000000000000046516770D0
