	U(1)=-166.330090000000012651071302D0
	U(2)=-52.405459999999997933173290D0
	U(3)=-260.084470000000010259100236D0
	U(4)=-0.000000000002179522400000D0
	U(5)=96.215080000000000381987775D0
	U(6)=-0.000000000000527199430000D0
	U(7)=1130.812400000000025102053769D0
	U(8)=-0.000000000009068681600000D0
	U(9)=223.744630000000000791260391D0
	U(10)=-0.000000000001255106800000D0
	U(11)=0.000000000000876837070000D0
	U(12)=-0.000000000000000000000000D0
	U(13)=0.000000000000795830900000D0
	U(14)=-0.000000000000000000000000D0
