	U(1)=-83.086899000000002502019925D0
	U(2)=-48.479323999999998306975613D0
	U(3)=-1012.255400000000008731149137D0
	U(4)=0.000000000000462038770000D0
	U(5)=427.709690000000023246684577D0
	U(6)=0.000000000001971572900000D0
	U(7)=988.020939999999995961843524D0
	U(8)=0.000000000000502128670000D0
	U(9)=351.704319999999995616235537D0
	U(10)=0.000000000003240803000000D0
	U(11)=0.000019511044000000000417D0
	U(12)=0.000000000000000000136089D0
	U(13)=0.000012260674999999999295D0
	U(14)=0.000000000000000000066372D0
