	U(1)=-122.976539999999999963620212D0
	U(2)=-38.498618999999997924987838D0
	U(3)=-1075.385099999999965802999213D0
	U(4)=-0.000000000013536678000000D0
	U(5)=1151.901000000000067302607931D0
	U(6)=-0.000000000013318414000000D0
	U(7)=4617.792499999999563442543149D0
	U(8)=0.000000000027099588000000D0
	U(9)=479.208010000000001582520781D0
	U(10)=0.000000000001899285900000D0
	U(11)=0.000000000000011953188000D0
	U(12)=0.000000000000000000000000D0
	U(13)=0.000000000000003464295300D0
	U(14)=0.000000000000000000000000D0
