	U(1)=-142.423740000000009331415640D0
	U(2)=-52.171661000000000285581336D0
	U(3)=-666.479550000000017462298274D0
	U(4)=-0.000000000005747759900000D0
	U(5)=622.209529999999972460500430D0
	U(6)=0.000000000003081858100000D0
	U(7)=1757.017700000000104409991764D0
	U(8)=0.000000000006762927500000D0
	U(9)=723.722600000000056752469391D0
	U(10)=-0.000000000005227849400000D0
	U(11)=0.000000000000000000001259D0
	U(12)=-0.000000000000000000000000D0
	U(13)=0.000000000000000000000633D0
	U(14)=-0.000000000000000000000000D0
