	U(1)=-73.147910999999993464371073D0
	U(2)=-44.651572999999999069586920D0
	U(3)=-2504.118899999999939609551802D0
	U(4)=0.000000000016001790000000D0
	U(5)=1074.132100000000036743585952D0
	U(6)=0.000000000009661130400000D0
	U(7)=3192.001000000000203726813197D0
	U(8)=0.000000000016012981000000D0
	U(9)=992.288270000000011350493878D0
	U(10)=-0.000000000001348995400000D0
	U(11)=0.018164151999999999381741D0
	U(12)=0.000000000000000149453960D0
	U(13)=0.015199003000000000859759D0
	U(14)=0.000000000000000068546770D0
