	U(1)=-101.476380000000006020854926D0
	U(2)=-51.131442999999997311988409D0
	U(3)=-590.188899999999989631760400D0
	U(4)=-0.000000000006304754000000D0
	U(5)=811.112430000000017571437638D0
	U(6)=-0.000000000004504877800000D0
	U(7)=5084.060499999999592546373606D0
	U(8)=-0.000000000032441147000000D0
	U(9)=1815.947499999999990905052982D0
	U(10)=0.000000000000625021790000D0
	U(11)=0.000000229890929999999988D0
	U(12)=-0.000000000000000000000999D0
	U(13)=0.000000094807717000000003D0
	U(14)=-0.000000000000000000000511D0
