	U(1)=-97.429328999999995630787453D0
	U(2)=-45.434714999999997075974534D0
	U(3)=-585.349789999999984502210282D0
	U(4)=0.000000000000520324940000D0
	U(5)=766.306760000000053878466133D0
	U(6)=-0.000000000004136508400000D0
	U(7)=1064.453199999999924330040812D0
	U(8)=-0.000000000004409987100000D0
	U(9)=465.252409999999997580744093D0
	U(10)=-0.000000000000720399810000D0
	U(11)=0.006613917199999999607662D0
	U(12)=-0.000000000000000027399772D0
	U(13)=0.003390418599999999848399D0
	U(14)=-0.000000000000000014193367D0
