	U(1)=-102.223150000000003956301953D0
	U(2)=-49.680503999999999109604687D0
	U(3)=-1154.988900000000057843863033D0
	U(4)=0.000000000001331860600000D0
	U(5)=3029.345499999999901774572209D0
	U(6)=0.000000000026111438000000D0
	U(7)=2135.620399999999790452420712D0
	U(8)=0.000000000004363407600000D0
	U(9)=263.761990000000025702320272D0
	U(10)=-0.000000000000175338160000D0
	U(11)=0.000052389027000000003265D0
	U(12)=-0.000000000000000000241733D0
	U(13)=0.000038144571999999997360D0
	U(14)=-0.000000000000000000246815D0
