	U(1)=-85.744811999999996032784111D0
	U(2)=-54.199562000000000239197107D0
	U(3)=-80.806495999999995660800778D0
	U(4)=0.000000000000224461140000D0
	U(5)=633.534670000000005529727787D0
	U(6)=0.000000000004154421200000D0
	U(7)=942.480099999999993087840267D0
	U(8)=0.000000000000169452950000D0
	U(9)=198.675800000000009504219634D0
	U(10)=0.000000000001172670100000D0
	U(11)=0.039668768999999999558259D0
	U(12)=0.000000000000000034602914D0
	U(13)=0.035353161000000001001897D0
	U(14)=0.000000000000000023506604D0
