	U(1)=-79.342308000000002721208148D0
	U(2)=-46.420997999999997318809619D0
	U(3)=-525.379940000000033251126297D0
	U(4)=0.000000000000887978380000D0
	U(5)=752.812990000000013424141798D0
	U(6)=0.000000000004005497800000D0
	U(7)=809.681029999999964275048114D0
	U(8)=0.000000000000744462650000D0
	U(9)=407.797849999999982628651196D0
	U(10)=0.000000000002350280800000D0
	U(11)=0.000285336570000000019822D0
	U(12)=0.000000000000000001934064D0
	U(13)=0.000235408909999999989022D0
	U(14)=0.000000000000000000946790D0
