	U(1)=-72.401336999999998056409822D0
	U(2)=-49.853122999999996523001755D0
	U(3)=-94.214072999999999069586920D0
	U(4)=-0.000000000000148358080000D0
	U(5)=871.531250000000000000000000D0
	U(6)=0.000000000004404678400000D0
	U(7)=2356.760299999999915598891675D0
	U(8)=0.000000000003673523700000D0
	U(9)=1149.039700000000038926373236D0
	U(10)=0.000000000010656587000000D0
	U(11)=0.117014640000000003094982D0
	U(12)=0.000000000000000557275420D0
	U(13)=0.037910855999999999721428D0
	U(14)=0.000000000000000339539270D0
