	U(1)=-91.140952999999996109181666D0
	U(2)=-48.541907999999999390183802D0
	U(3)=-228.429429999999996425685822D0
	U(4)=-0.000000000000096870943000D0
	U(5)=778.163819999999986976035871D0
	U(6)=-0.000000000000813013830000D0
	U(7)=1906.494799999999941064743325D0
	U(8)=0.000000000003333714400000D0
	U(9)=494.246800000000007457856555D0
	U(10)=-0.000000000002214524400000D0
	U(11)=0.016032900999999998709056D0
	U(12)=-0.000000000000000152368460D0
	U(13)=0.004787807399999999963258D0
	U(14)=-0.000000000000000051555540D0
