	U(1)=-90.117378000000002202796168D0
	U(2)=-46.533687999999997941813490D0
	U(3)=-72.297554000000005203219189D0
	U(4)=-0.000000000000184884170000D0
	U(5)=603.463070000000016079866327D0
	U(6)=-0.000000000004617368100000D0
	U(7)=2195.200400000000172440195456D0
	U(8)=0.000000000008393691100000D0
	U(9)=253.512540000000001327862265D0
	U(10)=0.000000000000072326524000D0
	U(11)=0.031054687000000000957067D0
	U(12)=0.000000000000000124764310D0
	U(13)=0.011049415999999999404846D0
	U(14)=0.000000000000000068232024D0
