	U(1)=-81.507018999999999664396455D0
	U(2)=-52.914993000000002609795047D0
	U(3)=-335.972870000000000345607987D0
	U(4)=0.000000000000101197210000D0
	U(5)=567.222409999999968022166286D0
	U(6)=-0.000000000003611928900000D0
	U(7)=1416.005499999999983629095368D0
	U(8)=0.000000000002617691900000D0
	U(9)=417.618040000000007694325177D0
	U(10)=-0.000000000003115526300000D0
	U(11)=0.072639680999999997612626D0
	U(12)=-0.000000000000000541541460D0
	U(13)=0.039421003000000003069214D0
	U(14)=-0.000000000000000267233440D0
