	U(1)=-95.127067999999994185600372D0
	U(2)=-44.712975000000000136424205D0
	U(3)=-337.871089999999981046130415D0
	U(4)=-0.000000000000936838170000D0
	U(5)=1276.861100000000078580342233D0
	U(6)=-0.000000000008954423100000D0
	U(7)=2606.749299999999948340700939D0
	U(8)=0.000000000002116861200000D0
	U(9)=435.069239999999979318090482D0
	U(10)=0.000000000000491597920000D0
	U(11)=0.000032498871999999998203D0
	U(12)=0.000000000000000000264007D0
	U(13)=0.000016234462000000001233D0
	U(14)=0.000000000000000000132004D0
