	U(1)=-103.989480000000000359250407D0
	U(2)=-56.756892999999998039584170D0
	U(3)=-748.154539999999997235136107D0
	U(4)=-0.000000000000859388890000D0
	U(5)=731.870729999999980464053806D0
	U(6)=-0.000000000004728331400000D0
	U(7)=573.878360000000043328327592D0
	U(8)=0.000000000002238388700000D0
	U(9)=99.080146999999996637598088D0
	U(10)=0.000000000000181029180000D0
	U(11)=0.000390561970000000016970D0
	U(12)=0.000000000000000001893093D0
	U(13)=0.000339467400000000008552D0
	U(14)=0.000000000000000001904728D0
