	U(1)=-81.255363000000002671185939D0
	U(2)=-48.657639000000003193235898D0
	U(3)=-371.532780000000002473825589D0
	U(4)=-0.000000000000097812966000D0
	U(5)=180.907289999999989049683791D0
	U(6)=0.000000000000883339840000D0
	U(7)=867.294430000000033942342270D0
	U(8)=-0.000000000000518918080000D0
	U(9)=301.591979999999978190317051D0
	U(10)=0.000000000002882912400000D0
	U(11)=0.127318070000000005403962D0
	U(12)=0.000000000000000974751220D0
	U(13)=0.125702050000000009610801D0
	U(14)=0.000000000000000978127500D0
