	U(1)=-86.007568000000006236405170D0
	U(2)=-54.968910000000001048192644D0
	U(3)=-146.902039999999999508872861D0
	U(4)=-0.000000000001704127500000D0
	U(5)=272.238650000000006912159733D0
	U(6)=0.000000000002118582000000D0
	U(7)=997.604370000000017171259969D0
	U(8)=-0.000000000006808066700000D0
	U(9)=285.542660000000012132659322D0
	U(10)=0.000000000000799899320000D0
	U(11)=0.029187265999999999904757D0
	U(12)=-0.000000000000000113362050D0
	U(13)=0.017489232000000000388784D0
	U(14)=-0.000000000000000114542720D0
