	U(1)=-101.603690000000000281943358D0
	U(2)=-38.023476000000002272827260D0
	U(3)=-224.925870000000003301465767D0
	U(4)=-0.000000000000716916000000D0
	U(5)=654.661249999999995452526491D0
	U(6)=-0.000000000004600981500000D0
	U(7)=3542.637499999999818101059645D0
	U(8)=0.000000000013888124000000D0
	U(9)=572.163699999999948886397760D0
	U(10)=-0.000000000002087822300000D0
	U(11)=0.001230571900000000055281D0
	U(12)=-0.000000000000000007688868D0
	U(13)=0.000813607069999999982582D0
	U(14)=-0.000000000000000003810822D0
