	U(1)=-86.502448999999998591192707D0
	U(2)=-45.006985000000000241016096D0
	U(3)=0.002267094099999999914224D0
	U(4)=0.000000000000000022845747D0
	U(5)=134.747309999999998808561941D0
	U(6)=-0.000000000001683017700000D0
	U(7)=10420.329999999999927240423858D0
	U(8)=-0.000000000108933920000000D0
	U(9)=1211.030999999999949068296701D0
	U(10)=-0.000000000002378091200000D0
	U(11)=0.000259788040000000003057D0
	U(12)=0.000000000000000002854745D0
	U(13)=0.000162215120000000012981D0
	U(14)=0.000000000000000001386628D0
