	U(1)=-94.248253000000005386027624D0
	U(2)=-45.325741000000000724412530D0
	U(3)=-346.878629999999986921466189D0
	U(4)=0.000000000002834028600000D0
	U(5)=801.332210000000031868694350D0
	U(6)=-0.000000000004640686700000D0
	U(7)=998.801270000000045001797844D0
	U(8)=0.000000000006817747300000D0
	U(9)=296.535680000000013478711480D0
	U(10)=0.000000000000392285460000D0
	U(11)=0.015441183000000000685725D0
	U(12)=0.000000000000000056172121D0
	U(13)=0.009455137900000000483747D0
	U(14)=0.000000000000000056512927D0
