	U(1)=-93.497200000000006525624485D0
	U(2)=-57.783465999999997109171090D0
	U(3)=-1807.102399999999988722265698D0
	U(4)=-0.000000000005943725500000D0
	U(5)=1467.634199999999964347807691D0
	U(6)=0.000000000001269362200000D0
	U(7)=3065.077600000000074942363426D0
	U(8)=0.000000000010490984000000D0
	U(9)=1360.240500000000110958353616D0
	U(10)=0.000000000002104066900000D0
	U(11)=0.000116289379999999996883D0
	U(12)=0.000000000000000000475032D0
	U(13)=0.000051875322000000001379D0
	U(14)=0.000000000000000000237559D0
