	U(1)=-96.621489999999994324753061D0
	U(2)=-34.894393999999998356997821D0
	U(3)=-409.457580000000007203198038D0
	U(4)=-0.000000000002441365300000D0
	U(5)=521.149409999999988940544426D0
	U(6)=0.000000000006769354200000D0
	U(7)=1008.791600000000016734702513D0
	U(8)=-0.000000000003305183600000D0
	U(9)=160.764039999999994279278326D0
	U(10)=-0.000000000000720775000000D0
	U(11)=0.000880991169999999993584D0
	U(12)=0.000000000000000005496907D0
	U(13)=0.000414690610000000004203D0
	U(14)=0.000000000000000002748461D0
