	U(1)=-161.905239999999992051016307D0
	U(2)=-57.353645000000000209183781D0
	U(3)=-688.899170000000026448105928D0
	U(4)=-0.000000000006711736200000D0
	U(5)=68.067963000000005990841601D0
	U(6)=-0.000000000000592449970000D0
	U(7)=1341.285499999999956344254315D0
	U(8)=-0.000000000013344262000000D0
	U(9)=348.879390000000000782165444D0
	U(10)=0.000000000002109627400000D0
	U(11)=0.000000000000038803365000D0
	U(12)=-0.000000000000000000000000D0
	U(13)=0.000000000000020065384000D0
	U(14)=-0.000000000000000000000000D0
