	U(1)=-95.670546999999999115971150D0
	U(2)=-25.718166000000000082081897D0
	U(3)=-356.979030000000022937456379D0
	U(4)=-0.000000000003346581300000D0
	U(5)=392.050419999999974152160576D0
	U(6)=-0.000000000003378776200000D0
	U(7)=3191.739500000000134605215862D0
	U(8)=-0.000000000027224875000000D0
	U(9)=227.931170000000008712959243D0
	U(10)=0.000000000000843478280000D0
	U(11)=0.015450956000000000065131D0
	U(12)=-0.000000000000000091387979D0
	U(13)=0.010396614999999999676139D0
	U(14)=-0.000000000000000095093894D0
