	U(1)=-90.898505999999997584382072D0
	U(2)=-51.023837999999997805389285D0
	U(3)=-257.098110000000019681465346D0
	U(4)=-0.000000000000483131170000D0
	U(5)=325.328520000000025902409106D0
	U(6)=-0.000000000001842049700000D0
	U(7)=2343.595499999999901774572209D0
	U(8)=0.000000000016050673000000D0
	U(9)=704.758479999999963183654472D0
	U(10)=0.000000000005194944300000D0
	U(11)=0.000572421589999999960198D0
	U(12)=0.000000000000000003661368D0
	U(13)=0.000805589139999999983947D0
	U(14)=0.000000000000000003629117D0
