	U(1)=-87.304717999999994049176166D0
	U(2)=-43.720173000000002616616257D0
	U(3)=-238.968629999999990332071320D0
	U(4)=0.000000000001164009400000D0
	U(5)=285.177919999999971878423821D0
	U(6)=-0.000000000002083899200000D0
	U(7)=8716.074199999999109422788024D0
	U(8)=0.000000000059321187000000D0
	U(9)=1097.896500000000060026650317D0
	U(10)=0.000000000001400202500000D0
	U(11)=0.005696187299999999793798D0
	U(12)=-0.000000000000000030575907D0
	U(13)=0.003451226700000000185281D0
	U(14)=-0.000000000000000015166050D0
