	U(1)=-87.327895999999995524376573D0
	U(2)=-50.304375000000000284217094D0
	U(3)=-1671.799800000000004729372449D0
	U(4)=0.000000000008048961700000D0
	U(5)=1960.278600000000096770236269D0
	U(6)=-0.000000000008103828400000D0
	U(7)=1502.568600000000060390448198D0
	U(8)=0.000000000002305833900000D0
	U(9)=882.274900000000002364686225D0
	U(10)=-0.000000000006706835600000D0
	U(11)=0.016864049999999998485922D0
	U(12)=-0.000000000000000123398210D0
	U(13)=0.007696032499999999956786D0
	U(14)=-0.000000000000000029963182D0
