	U(1)=-86.397316000000003555214789D0
	U(2)=-42.838687999999997657596396D0
	U(3)=-711.535030000000006111804396D0
	U(4)=-0.000000000003662521200000D0
	U(5)=1048.773200000000088039087132D0
	U(6)=0.000000000008335491200000D0
	U(7)=3483.690200000000004365574569D0
	U(8)=-0.000000000007394292600000D0
	U(9)=428.110749999999995907273842D0
	U(10)=0.000000000003375708800000D0
	U(11)=0.009770019899999999452023D0
	U(12)=0.000000000000000060923857D0
	U(13)=0.003422335500000000044207D0
	U(14)=0.000000000000000015029165D0
