	U(1)=-88.034721000000004664798325D0
	U(2)=-54.188189999999998747171048D0
	U(3)=-600.318419999999946412572172D0
	U(4)=-0.000000000000210387180000D0
	U(5)=728.868650000000002364686225D0
	U(6)=-0.000000000004764670400000D0
	U(7)=1071.989900000000034197000787D0
	U(8)=0.000000000001058011900000D0
	U(9)=188.096849999999989222487784D0
	U(10)=0.000000000000031642393000D0
	U(11)=0.049439121000000002537078D0
	U(12)=0.000000000000000394773950D0
	U(13)=0.032358732000000001161055D0
	U(14)=0.000000000000000265364600D0
