	U(1)=-87.020142000000006987647794D0
	U(2)=-45.899253999999999109604687D0
	U(3)=-432.932070000000010168150766D0
	U(4)=-0.000000000000175548850000D0
	U(5)=467.248690000000010513758752D0
	U(6)=-0.000000000002025801000000D0
	U(7)=1131.526100000000042200554162D0
	U(8)=0.000000000004376991800000D0
	U(9)=121.376660000000001105036063D0
	U(10)=-0.000000000000832305420000D0
	U(11)=0.217795240000000001057145D0
	U(12)=-0.000000000000001201623700D0
	U(13)=0.063796758999999994554919D0
	U(14)=-0.000000000000000730531820D0
