	U(1)=-86.055199000000001774424163D0
	U(2)=-53.720154000000000849013304D0
	U(3)=-341.144709999999975025275489D0
	U(4)=-0.000000000001098622200000D0
	U(5)=332.486969999999985247995937D0
	U(6)=-0.000000000002350669100000D0
	U(7)=484.670810000000017225829652D0
	U(8)=0.000000000000143747260000D0
	U(9)=191.005940000000009604264051D0
	U(10)=-0.000000000000857479070000D0
	U(11)=0.232478309999999993573638D0
	U(12)=0.000000000000000900589680D0
	U(13)=0.155136140000000005700898D0
	U(14)=0.000000000000000949302430D0
