	U(1)=-80.567902000000003681634553D0
	U(2)=-50.193649000000000626187102D0
	U(3)=-1003.770999999999958163243718D0
	U(4)=0.000000000000490319480000D0
	U(5)=545.141420000000039181031752D0
	U(6)=-0.000000000004813035000000D0
	U(7)=920.826109999999971478246152D0
	U(8)=0.000000000001021378200000D0
	U(9)=317.134059999999976753315423D0
	U(10)=-0.000000000001440472700000D0
	U(11)=0.018400988999999999540247D0
	U(12)=-0.000000000000000130181160D0
	U(13)=0.010558500000000000176859D0
	U(14)=-0.000000000000000063223419D0
