	U(1)=-73.154433999999994853169483D0
	U(2)=-53.321143999999996765382093D0
	U(3)=-556.926090000000044710759539D0
	U(4)=0.000000000001600229000000D0
	U(5)=856.782100000000014006218407D0
	U(6)=0.000000000006644702600000D0
	U(7)=1116.138699999999971623765305D0
	U(8)=0.000000000000825113960000D0
	U(9)=660.110530000000039763108362D0
	U(10)=-0.000000000000221337710000D0
	U(11)=0.038807739000000000817447D0
	U(12)=-0.000000000000000270657520D0
	U(13)=0.014704890999999999448566D0
	U(14)=-0.000000000000000063406054D0
