	U(1)=-79.421798999999992929588188D0
	U(2)=-50.131991999999996778569766D0
	U(3)=-263.835719999999980700522428D0
	U(4)=-0.000000000000117180570000D0
	U(5)=980.884030000000052496034186D0
	U(6)=-0.000000000004015437300000D0
	U(7)=1415.423299999999926512828097D0
	U(8)=-0.000000000001037887700000D0
	U(9)=399.739039999999988594936440D0
	U(10)=-0.000000000000651837800000D0
	U(11)=0.000357639309999999990223D0
	U(12)=-0.000000000000000002725967D0
	U(13)=0.000079267766999999996575D0
	U(14)=-0.000000000000000000571767D0
