	U(1)=-82.150627000000000066393113D0
	U(2)=-42.203316000000000940417522D0
	U(3)=-1757.462800000000015643308870D0
	U(4)=-0.000000000013035880000000D0
	U(5)=3445.318099999999958527041599D0
	U(6)=-0.000000000026463193000000D0
	U(7)=5266.663599999999860301613808D0
	U(8)=0.000000000009469335000000D0
	U(9)=1760.738800000000082945916802D0
	U(10)=0.000000000007402056400000D0
	U(11)=0.060087307999999998997520D0
	U(12)=0.000000000000000228202320D0
	U(13)=0.029649696999999999164066D0
	U(14)=0.000000000000000114239740D0
