	U(1)=-86.359154000000003748027666D0
	U(2)=-51.257851000000002272827260D0
	U(3)=-154.146649999999993951860233D0
	U(4)=-0.000000000000620290550000D0
	U(5)=1039.754599999999982173903845D0
	U(6)=-0.000000000006071200800000D0
	U(7)=1523.272699999999986175680533D0
	U(8)=0.000000000001763846600000D0
	U(9)=154.713840000000004692992661D0
	U(10)=-0.000000000000038136493000D0
	U(11)=0.084675126000000003334556D0
	U(12)=-0.000000000000000576244930D0
	U(13)=0.054423767999999997369009D0
	U(14)=-0.000000000000000392619230D0
