	U(1)=-84.818222000000005778019840D0
	U(2)=-50.974719999999997810391505D0
	U(3)=-75.271850999999998066414264D0
	U(4)=0.000000000000275953600000D0
	U(5)=854.657410000000027139321901D0
	U(6)=0.000000000004138525000000D0
	U(7)=1632.133800000000064756022766D0
	U(8)=0.000000000002876109100000D0
	U(9)=367.146729999999990923242876D0
	U(10)=0.000000000000307080130000D0
	U(11)=0.022210382000000000735085D0
	U(12)=0.000000000000000111701730D0
	U(13)=0.018997279999999998334470D0
	U(14)=0.000000000000000113968790D0
