	U(1)=-89.620864999999994893187250D0
	U(2)=-51.348990999999998052771844D0
	U(3)=-665.464360000000056061253417D0
	U(4)=0.000000000000901536870000D0
	U(5)=4904.247599999999692954588681D0
	U(6)=0.000000000033909528000000D0
	U(7)=3870.379199999999855208443478D0
	U(8)=0.000000000001265517200000D0
	U(9)=694.779539999999997235136107D0
	U(10)=0.000000000000361531470000D0
	U(11)=0.095584220999999996992713D0
	U(12)=0.000000000000000548851460D0
	U(13)=0.040839228999999997726800D0
	U(14)=0.000000000000000280901540D0
