	U(1)=-211.368529999999992696757545D0
	U(2)=-35.571831000000003086825018D0
	U(3)=-794.936649999999985993781593D0
	U(4)=-0.000000000006771239000000D0
	U(5)=88.969299000000006572008715D0
	U(6)=-0.000000000000846675700000D0
	U(7)=942.439150000000040563463699D0
	U(8)=-0.000000000006788798700000D0
	U(9)=134.617999999999994997779140D0
	U(10)=0.000000000000829705720000D0
	U(11)=0.000000000000000000000000D0
	U(12)=-0.000000000000000000000000D0
	U(13)=0.000000000000000000000000D0
	U(14)=-0.000000000000000000000000D0
