	U(1)=-129.398529999999993833625922D0
	U(2)=-40.181210000000000093223207D0
	U(3)=-856.208499999999958163243718D0
	U(4)=-0.000000000006744199400000D0
	U(5)=769.111020000000053187250160D0
	U(6)=-0.000000000004293071500000D0
	U(7)=2895.465799999999944702722132D0
	U(8)=-0.000000000027275394000000D0
	U(9)=267.611569999999971969373291D0
	U(10)=0.000000000001018684100000D0
	U(11)=0.000000000000039360964000D0
	U(12)=-0.000000000000000000000000D0
	U(13)=0.000000000000035289575000D0
	U(14)=-0.000000000000000000000000D0
