	U(1)=-138.682430000000010750227375D0
	U(2)=-46.060367999999996868609742D0
	U(3)=-373.575739999999996143742464D0
	U(4)=0.000000000000536954160000D0
	U(5)=118.293670000000005870788300D0
	U(6)=0.000000000000497214030000D0
	U(7)=4211.817399999999906867742538D0
	U(8)=0.000000000003126405800000D0
	U(9)=821.735289999999963583832141D0
	U(10)=-0.000000000002076447100000D0
	U(11)=0.000000000026149255000000D0
	U(12)=0.000000000000000000000000D0
	U(13)=0.000000000010346903000000D0
	U(14)=0.000000000000000000000000D0
