	U(1)=-91.011573999999995976395439D0
	U(2)=-24.916495999999998645080268D0
	U(3)=-121.761150000000000659383659D0
	U(4)=-0.000000000000847941450000D0
	U(5)=450.399409999999988940544426D0
	U(6)=-0.000000000003400996700000D0
	U(7)=2205.951900000000023283064365D0
	U(8)=-0.000000000027274521000000D0
	U(9)=318.296839999999974679667503D0
	U(10)=-0.000000000002230629700000D0
	U(11)=0.028761980999999998964700D0
	U(12)=-0.000000000000000103347690D0
	U(13)=0.012682863000000000816558D0
	U(14)=-0.000000000000000051657793D0
