	U(1)=-107.927559999999999718056642D0
	U(2)=-46.108558999999999628016667D0
	U(3)=-984.205810000000042236933950D0
	U(4)=-0.000000000001020425200000D0
	U(5)=1251.755000000000109139364213D0
	U(6)=-0.000000000008280802300000D0
	U(7)=2189.905499999999847204890102D0
	U(8)=0.000000000013632342000000D0
	U(9)=355.906369999999981246219249D0
	U(10)=-0.000000000000402332680000D0
	U(11)=0.000001861092199999999931D0
	U(12)=-0.000000000000000000007024D0
	U(13)=0.000000763214760000000025D0
	U(14)=-0.000000000000000000003550D0
