	U(1)=-96.199111999999999511601345D0
	U(2)=-46.634856999999996673977876D0
	U(3)=-221.078720000000004120010999D0
	U(4)=0.000000000000400026880000D0
	U(5)=421.003229999999973642843543D0
	U(6)=0.000000000002170743600000D0
	U(7)=1111.941700000000082582118921D0
	U(8)=-0.000000000004301260700000D0
	U(9)=308.778900000000021464074962D0
	U(10)=-0.000000000000089119325000D0
	U(11)=0.003300606499999999936257D0
	U(12)=0.000000000000000016696374D0
	U(13)=0.001211119999999999991697D0
	U(14)=0.000000000000000008693221D0
