	U(1)=-94.038048000000003412424121D0
	U(2)=-45.202477000000001794433047D0
	U(3)=-1306.953099999999949432094581D0
	U(4)=-0.000000000009802478300000D0
	U(5)=1719.964999999999918145476840D0
	U(6)=0.000000000008272375800000D0
	U(7)=2144.911900000000059662852436D0
	U(8)=0.000000000002177575000000D0
	U(9)=1016.741999999999961801222526D0
	U(10)=0.000000000006732483500000D0
	U(11)=0.001807081199999999946565D0
	U(12)=0.000000000000000007375352D0
	U(13)=0.001536698900000000060292D0
	U(14)=0.000000000000000007408920D0
