	U(1)=-98.583252000000001658008841D0
	U(2)=-48.790283000000002289198164D0
	U(3)=-119.669259999999994192876329D0
	U(4)=0.000000000000266162500000D0
	U(5)=273.549590000000023337634047D0
	U(6)=-0.000000000002064184500000D0
	U(7)=6102.623999999999796273186803D0
	U(8)=0.000000000020916942000000D0
	U(9)=873.161560000000008585629985D0
	U(10)=-0.000000000000879643200000D0
	U(11)=0.004227813300000000072687D0
	U(12)=-0.000000000000000035623943D0
	U(13)=0.001077801699999999997942D0
	U(14)=-0.000000000000000008881915D0
