	U(1)=-103.408289999999993824530975D0
	U(2)=-55.345225999999996702172211D0
	U(3)=-390.372470000000021173036657D0
	U(4)=0.000000000000378570570000D0
	U(5)=428.262020000000006803020369D0
	U(6)=0.000000000002425901300000D0
	U(7)=945.698729999999954998202156D0
	U(8)=0.000000000000862048550000D0
	U(9)=162.408659999999997580744093D0
	U(10)=0.000000000001109454000000D0
	U(11)=0.000001330931199999999926D0
	U(12)=0.000000000000000000006477D0
	U(13)=0.000000894069559999999951D0
	U(14)=0.000000000000000000003118D0
