	U(1)=-87.864197000000004322828318D0
	U(2)=-47.605476000000003011791705D0
	U(3)=-95.045447999999993271558196D0
	U(4)=-0.000000000000130736190000D0
	U(5)=648.836729999999988649506122D0
	U(6)=0.000000000004352012700000D0
	U(7)=1192.816000000000030922819860D0
	U(8)=-0.000000000007231561300000D0
	U(9)=435.033079999999984011083143D0
	U(10)=0.000000000000452117350000D0
	U(11)=0.128688400000000008338574D0
	U(12)=-0.000000000000001089386900D0
	U(13)=0.068681344000000005278750D0
	U(14)=-0.000000000000000541032980D0
