	U(1)=-86.861075999999997065970092D0
	U(2)=-47.706459000000002390606824D0
	U(3)=-525.329709999999977299012244D0
	U(4)=-0.000000000003946723600000D0
	U(5)=1293.121699999999918873072602D0
	U(6)=-0.000000000008697282500000D0
	U(7)=3599.218499999999949068296701D0
	U(8)=-0.000000000002760152600000D0
	U(9)=893.148680000000013023964129D0
	U(10)=-0.000000000000832756660000D0
	U(11)=0.000400667920000000014630D0
	U(12)=-0.000000000000000002149643D0
	U(13)=0.000228304120000000009905D0
	U(14)=-0.000000000000000001057178D0
