	U(1)=-104.028620000000003642526281D0
	U(2)=-47.855389000000002397428034D0
	U(3)=-581.999450000000024374458008D0
	U(4)=-0.000000000001101360500000D0
	U(5)=766.069340000000011059455574D0
	U(6)=0.000000000004077397700000D0
	U(7)=968.455569999999966057657730D0
	U(8)=0.000000000003099538400000D0
	U(9)=330.255980000000022300810087D0
	U(10)=0.000000000001291870700000D0
	U(11)=0.000050536494999999999366D0
	U(12)=0.000000000000000000271110D0
	U(13)=0.000048213802000000001240D0
	U(14)=0.000000000000000000272313D0
