	U(1)=-117.955699999999993110577634D0
	U(2)=-60.539729999999998710791260D0
	U(3)=-147.488280000000003155946615D0
	U(4)=0.000000000000059148555000D0
	U(5)=95.359436000000002309207048D0
	U(6)=-0.000000000000430265440000D0
	U(7)=1014.017799999999965621100273D0
	U(8)=0.000000000001010408800000D0
	U(9)=229.814130000000005793481250D0
	U(10)=-0.000000000001379491400000D0
	U(11)=0.000061898739999999993441D0
	U(12)=-0.000000000000000000459587D0
	U(13)=0.000027141262999999999267D0
	U(14)=-0.000000000000000000114182D0
