	U(1)=-88.198432999999994308382156D0
	U(2)=-42.600867999999998403382051D0
	U(3)=-675.308840000000031977833714D0
	U(4)=-0.000000000004624148300000D0
	U(5)=1636.717000000000098225427791D0
	U(6)=0.000000000008431955700000D0
	U(7)=1766.274400000000014188117348D0
	U(8)=-0.000000000003566391800000D0
	U(9)=363.265589999999974679667503D0
	U(10)=0.000000000002904046100000D0
	U(11)=0.000042103708000000003358D0
	U(12)=0.000000000000000000231838D0
	U(13)=0.000034519664000000002419D0
	U(14)=0.000000000000000000233888D0
