	U(1)=-81.723235999999999989995558D0
	U(2)=-47.812649000000000398813427D0
	U(3)=-169.302120000000002164597390D0
	U(4)=-0.000000000000852120670000D0
	U(5)=384.539670000000000982254278D0
	U(6)=-0.000000000002019701500000D0
	U(7)=3144.166499999999814463080838D0
	U(8)=0.000000000005530843600000D0
	U(9)=922.765380000000050131347962D0
	U(10)=-0.000000000005678914400000D0
	U(11)=0.275700930000000010711148D0
	U(12)=-0.000000000000002286550800D0
	U(13)=0.169009369999999992106865D0
	U(14)=-0.000000000000001137569500D0
