	U(1)=-85.829704000000006658410712D0
	U(2)=-46.591732000000000368800102D0
	U(3)=-404.688049999999975625541992D0
	U(4)=0.000000000000088495292000D0
	U(5)=896.986210000000028230715543D0
	U(6)=0.000000000000387302250000D0
	U(7)=1506.072899999999890496837907D0
	U(8)=-0.000000000000000000000000D0
	U(9)=336.658659999999997580744093D0
	U(10)=-0.000000000001156340900000D0
	U(11)=0.032967269000000000434003D0
	U(12)=-0.000000000000000239622150D0
	U(13)=0.018019678000000000778202D0
	U(14)=-0.000000000000000117150740D0
