	U(1)=-85.073181000000005269612302D0
	U(2)=-47.013863000000000624822860D0
	U(3)=-152.968960000000009813447832D0
	U(4)=0.000000000000533786120000D0
	U(5)=1380.373900000000048748916015D0
	U(6)=-0.000000000008785253800000D0
	U(7)=1350.348400000000083309714682D0
	U(8)=0.000000000003261115600000D0
	U(9)=162.131789999999995188773028D0
	U(10)=-0.000000000000236574870000D0
	U(11)=0.108795589999999997576907D0
	U(12)=0.000000000000000658553980D0
	U(13)=0.103758390000000005892744D0
	U(14)=0.000000000000000562580070D0
