	U(1)=-106.956789999999998030943971D0
	U(2)=-46.227932000000002688011591D0
	U(3)=-262.992520000000013169483282D0
	U(4)=-0.000000000000382252340000D0
	U(5)=245.224960000000010040821508D0
	U(6)=-0.000000000001137573000000D0
	U(7)=1962.130100000000084037310444D0
	U(8)=-0.000000000000483501040000D0
	U(9)=456.659820000000024720065994D0
	U(10)=-0.000000000000396270580000D0
	U(11)=0.000016500594999999998843D0
	U(12)=0.000000000000000000102827D0
	U(13)=0.000014836297000000000704D0
	U(14)=0.000000000000000000050993D0
