	U(1)=-102.059030000000007021299098D0
	U(2)=-30.057442000000001769421942D0
	U(3)=-234.951140000000009422365110D0
	U(4)=-0.000000000001685445700000D0
	U(5)=423.569950000000005729816621D0
	U(6)=-0.000000000003399148800000D0
	U(7)=1688.832599999999956708052196D0
	U(8)=-0.000000000013624433000000D0
	U(9)=76.731468000000006668415153D0
	U(10)=0.000000000000411448440000D0
	U(11)=0.005095668099999999846317D0
	U(12)=-0.000000000000000033963202D0
	U(13)=0.001804249400000000093380D0
	U(14)=-0.000000000000000008395321D0
