	U(1)=-79.589164999999994165591488D0
	U(2)=-17.380869000000000568206815D0
	U(3)=-684.198430000000030304363463D0
	U(4)=-0.000000000006809062400000D0
	U(5)=497.119050000000015643308870D0
	U(6)=-0.000000000003389100000000D0
	U(7)=2937.714399999999841384124011D0
	U(8)=-0.000000000027277061000000D0
	U(9)=207.377330000000000609361450D0
	U(10)=0.000000000000844355080000D0
	U(11)=0.092383929000000003517457D0
	U(12)=-0.000000000000000419864170D0
	U(13)=0.066801973000000000602050D0
	U(14)=-0.000000000000000420259130D0
