	U(1)=-98.970878999999996494807419D0
	U(2)=-22.753706000000001097305358D0
	U(3)=-266.929959999999994124664227D0
	U(4)=-0.000000000003396367400000D0
	U(5)=468.875609999999994670361048D0
	U(6)=-0.000000000003396782400000D0
	U(7)=2806.602100000000064028427005D0
	U(8)=-0.000000000027228830000000D0
	U(9)=273.880740000000002964952728D0
	U(10)=0.000000000000735790880000D0
	U(11)=0.002667322299999999851011D0
	U(12)=-0.000000000000000025184783D0
	U(13)=0.001733921499999999983610D0
	U(14)=-0.000000000000000012172455D0
