	U(1)=-108.291089999999996962287696D0
	U(2)=-44.830193000000001291027729D0
	U(3)=-500.528140000000007603375707D0
	U(4)=-0.000000000001882564400000D0
	U(5)=873.191100000000005820766091D0
	U(6)=0.000000000004122839200000D0
	U(7)=2550.374499999999898136593401D0
	U(8)=-0.000000000006781047100000D0
	U(9)=337.832490000000007057678886D0
	U(10)=-0.000000000001410816300000D0
	U(11)=0.000000102652760000000002D0
	U(12)=0.000000000000000000000449D0
	U(13)=0.000000032095793999999999D0
	U(14)=0.000000000000000000000229D0
