	U(1)=-89.450333000000000538420863D0
	U(2)=-52.691620000000000345607987D0
	U(3)=-539.402709999999956380634103D0
	U(4)=-0.000000000002530984500000D0
	U(5)=1537.954999999999927240423858D0
	U(6)=-0.000000000009207098600000D0
	U(7)=1556.466599999999971259967424D0
	U(8)=0.000000000001652225400000D0
	U(9)=503.026090000000010604708223D0
	U(10)=-0.000000000002915686800000D0
	U(11)=0.066738172999999997858644D0
	U(12)=-0.000000000000000781752490D0
	U(13)=0.042942893000000002812211D0
	U(14)=-0.000000000000000325112000D0
