	U(1)=-117.231740000000002055458026D0
	U(2)=-50.869022000000001071384759D0
	U(3)=-1101.454600000000027648638934D0
	U(4)=0.000000000009886007800000D0
	U(5)=728.629879999999957362888381D0
	U(6)=0.000000000004499486300000D0
	U(7)=3624.355700000000069849193096D0
	U(8)=0.000000000011101537000000D0
	U(9)=691.454899999999952342477627D0
	U(10)=-0.000000000003051890300000D0
	U(11)=0.000000008445519800000001D0
	U(12)=0.000000000000000000000057D0
	U(13)=0.000000002881732600000000D0
	U(14)=0.000000000000000000000014D0
