	U(1)=-99.627540999999993687197275D0
	U(2)=-55.044116999999999961801223D0
	U(3)=-557.976440000000025065673981D0
	U(4)=-0.000000000001953280400000D0
	U(5)=665.273860000000013315002434D0
	U(6)=0.000000000001432120900000D0
	U(7)=949.348449999999957071850076D0
	U(8)=-0.000000000003172489800000D0
	U(9)=648.025390000000015788828023D0
	U(10)=0.000000000002118298600000D0
	U(11)=0.008709751099999999551793D0
	U(12)=-0.000000000000000057193776D0
	U(13)=0.004592318599999999952088D0
	U(14)=-0.000000000000000028468857D0
