	U(1)=-107.055740000000000122781785D0
	U(2)=-57.336201000000002636625140D0
	U(3)=-189.007569999999986976035871D0
	U(4)=0.000000000000544500370000D0
	U(5)=179.988360000000000127329258D0
	U(6)=-0.000000000000996787720000D0
	U(7)=617.471980000000030486262403D0
	U(8)=0.000000000002548435600000D0
	U(9)=137.282579999999995834514266D0
	U(10)=-0.000000000001082086900000D0
	U(11)=0.001724578399999999967981D0
	U(12)=-0.000000000000000007341223D0
	U(13)=0.001718106299999999945702D0
	U(14)=-0.000000000000000007341213D0
