	U(1)=-80.390640000000004761204764D0
	U(2)=-55.023853000000002566594048D0
	U(3)=-410.883449999999982082954375D0
	U(4)=0.000000000001349774000000D0
	U(5)=1843.479900000000043291947804D0
	U(6)=-0.000000000008657427200000D0
	U(7)=1322.882100000000036743585952D0
	U(8)=-0.000000000004754704000000D0
	U(9)=946.440429999999992105585989D0
	U(10)=0.000000000002618903100000D0
	U(11)=0.001201423700000000096069D0
	U(12)=0.000000000000000006556682D0
	U(13)=0.000545699619999999983345D0
	U(14)=0.000000000000000003388290D0
