	U(1)=-91.941612000000006332811608D0
	U(2)=-44.631393000000002757587936D0
	U(3)=-519.275629999999978281266522D0
	U(4)=-0.000000000000921610990000D0
	U(5)=935.294800000000009276845958D0
	U(6)=-0.000000000005936624000000D0
	U(7)=655.854130000000054678821471D0
	U(8)=0.000000000000757508260000D0
	U(9)=218.963609999999988531271811D0
	U(10)=0.000000000000240940760000D0
	U(11)=0.000000019725713999999999D0
	U(12)=0.000000000000000000000126D0
	U(13)=0.000000005433755700000000D0
	U(14)=0.000000000000000000000031D0
