	U(1)=-87.929146000000002914021024D0
	U(2)=-49.937823999999999102783477D0
	U(3)=-293.949400000000025556801120D0
	U(4)=-0.000000000000325402980000D0
	U(5)=355.013179999999977098923409D0
	U(6)=-0.000000000002060812700000D0
	U(7)=1141.562300000000050204107538D0
	U(8)=0.000000000000227949330000D0
	U(9)=326.211299999999994270183379D0
	U(10)=-0.000000000000779363010000D0
	U(11)=0.003006454799999999823179D0
	U(12)=-0.000000000000000015559679D0
	U(13)=0.002338326799999999785346D0
	U(14)=-0.000000000000000015858975D0
