	U(1)=-94.434951999999995564394339D0
	U(2)=-53.346564999999998235580279D0
	U(3)=-727.595339999999964675225783D0
	U(4)=-0.000000000000302598770000D0
	U(5)=675.783329999999978099367581D0
	U(6)=-0.000000000006034231700000D0
	U(7)=546.782230000000026848283596D0
	U(8)=0.000000000000539305250000D0
	U(9)=298.028990000000021609594114D0
	U(10)=0.000000000000134991860000D0
	U(11)=0.000904809570000000016124D0
	U(12)=0.000000000000000003261813D0
	U(13)=0.000418873270000000004574D0
	U(14)=0.000000000000000001650498D0
