	U(1)=-80.406516999999993799974618D0
	U(2)=-44.851654000000003463810572D0
	U(3)=-257.777400000000000090949470D0
	U(4)=0.000000000000586572890000D0
	U(5)=2044.796599999999898500391282D0
	U(6)=0.000000000007952524100000D0
	U(7)=780.660100000000056752469391D0
	U(8)=-0.000000000000062404536000D0
	U(9)=309.927950000000009822542779D0
	U(10)=0.000000000002433811400000D0
	U(11)=0.587547779999999963962409D0
	U(12)=-0.000000000000004409126700D0
	U(13)=0.406693670000000007114238D0
	U(14)=-0.000000000000002000855900D0
