	U(1)=-94.868461999999993849996827D0
	U(2)=-45.680877999999999872215994D0
	U(3)=-994.579100000000039472070057D0
	U(4)=0.000000000002555146800000D0
	U(5)=3204.370800000000144791556522D0
	U(6)=0.000000000016635285000000D0
	U(7)=6013.547899999999572173692286D0
	U(8)=-0.000000000035729038000000D0
	U(9)=1259.974999999999909050529823D0
	U(10)=0.000000000003721190900000D0
	U(11)=0.002265337400000000216138D0
	U(12)=0.000000000000000016735275D0
	U(13)=0.000574860200000000022558D0
	U(14)=0.000000000000000004183904D0
