	U(1)=-106.267809999999997216946213D0
	U(2)=-30.516711999999998283783498D0
	U(3)=-397.056300000000021555024432D0
	U(4)=-0.000000000002058917100000D0
	U(5)=826.507140000000049440131988D0
	U(6)=-0.000000000006789650900000D0
	U(7)=910.610350000000039472070057D0
	U(8)=-0.000000000005448573900000D0
	U(9)=84.058860999999993168785295D0
	U(10)=0.000000000000327429710000D0
	U(11)=0.002313686799999999967048D0
	U(12)=0.000000000000000007291100D0
	U(13)=0.001193124999999999958158D0
	U(14)=0.000000000000000003603087D0
