	U(1)=-137.323820000000011987140169D0
	U(2)=-23.369675000000000864019967D0
	U(3)=-592.424380000000041945895646D0
	U(4)=-0.000000000006794476000000D0
	U(5)=181.923480000000012068994693D0
	U(6)=-0.000000000001692421400000D0
	U(7)=1642.925300000000106592779048D0
	U(8)=-0.000000000013581503000000D0
	U(9)=143.767779999999987694536685D0
	U(10)=0.000000000000844900320000D0
	U(11)=0.000000020871463000000001D0
	U(12)=-0.000000000000000000000098D0
	U(13)=0.000000007365609500000000D0
	U(14)=-0.000000000000000000000024D0
