	U(1)=-92.948768999999998641214916D0
	U(2)=-61.909804999999998642579158D0
	U(3)=-80.686835999999999557985575D0
	U(4)=0.000000000000444068150000D0
	U(5)=255.520520000000004756657290D0
	U(6)=-0.000000000001002271500000D0
	U(7)=2207.132099999999809369910508D0
	U(8)=-0.000000000011498229000000D0
	U(9)=761.769530000000031577656046D0
	U(10)=-0.000000000003192285000000D0
	U(11)=0.002737538400000000000239D0
	U(12)=0.000000000000000014718030D0
	U(13)=0.000820638200000000012958D0
	U(14)=0.000000000000000003660773D0
