	U(1)=-82.350425999999998794010025D0
	U(2)=-56.628025000000000943600753D0
	U(3)=-128.207179999999993924575392D0
	U(4)=0.000000000000164281010000D0
	U(5)=394.856409999999982574081514D0
	U(6)=-0.000000000002074682000000D0
	U(7)=797.449399999999968713382259D0
	U(8)=0.000000000001147170700000D0
	U(9)=304.014369999999985338945407D0
	U(10)=-0.000000000000796816770000D0
	U(11)=0.512848619999999977281391D0
	U(12)=-0.000000000000001955385300D0
	U(13)=0.169954119999999986312389D0
	U(14)=-0.000000000000000948866210D0
