	U(1)=-104.265879999999995675352693D0
	U(2)=-40.950310000000001764419721D0
	U(3)=-1264.641000000000076397554949D0
	U(4)=0.000000000012163590000000D0
	U(5)=978.179750000000012732925825D0
	U(6)=-0.000000000004735693600000D0
	U(7)=2419.341800000000148429535329D0
	U(8)=0.000000000013181960000000D0
	U(9)=660.603820000000041545717977D0
	U(10)=0.000000000002410642400000D0
	U(11)=0.000000002259582500000000D0
	U(12)=-0.000000000000000000000014D0
	U(13)=0.000000000610450470000000D0
	U(14)=-0.000000000000000000000004D0
