	U(1)=-90.495986999999999511601345D0
	U(2)=-40.917830999999999619376467D0
	U(3)=-392.794949999999971623765305D0
	U(4)=-0.000000000002742559200000D0
	U(5)=6299.414099999999962165020406D0
	U(6)=0.000000000053912465000000D0
	U(7)=3415.010699999999815190676600D0
	U(8)=-0.000000000025371535000000D0
	U(9)=350.428189999999972314981278D0
	U(10)=-0.000000000001723236900000D0
	U(11)=0.003928182599999999885521D0
	U(12)=-0.000000000000000029948749D0
	U(13)=0.001875467700000000041347D0
	U(14)=-0.000000000000000007322324D0
