	U(1)=-86.280510000000006698428479D0
	U(2)=-44.992907999999999901774572D0
	U(3)=-132.731449999999995270627551D0
	U(4)=-0.000000000000343625330000D0
	U(5)=467.325739999999996143742464D0
	U(6)=0.000000000002024944400000D0
	U(7)=787.207580000000007203198038D0
	U(8)=0.000000000001806864200000D0
	U(9)=93.392127999999999587998900D0
	U(10)=0.000000000000203968500000D0
	U(11)=0.004621908099999999693097D0
	U(12)=0.000000000000000026329010D0
	U(13)=0.001496259399999999920028D0
	U(14)=0.000000000000000006533784D0
