	U(1)=-79.327263000000002080014383D0
	U(2)=-49.756816999999998074599716D0
	U(3)=-157.110629999999986239345162D0
	U(4)=0.000000000001680186300000D0
	U(5)=286.659550000000024283508537D0
	U(6)=0.000000000002204544100000D0
	U(7)=552.434690000000045984052122D0
	U(8)=0.000000000004698667700000D0
	U(9)=134.684809999999998808561941D0
	U(10)=-0.000000000000212852820000D0
	U(11)=0.284929749999999981646681D0
	U(12)=0.000000000000000133537750D0
	U(13)=0.171362819999999999032170D0
	U(14)=-0.000000000000000131526310D0
