	U(1)=-214.091739999999987276169122D0
	U(2)=-48.742213999999997042777977D0
	U(3)=-701.705690000000004147295840D0
	U(4)=-0.000000000006817226500000D0
	U(5)=231.300080000000008340066415D0
	U(6)=0.000000000001009730200000D0
	U(7)=1437.739399999999932333594188D0
	U(8)=0.000000000006756174200000D0
	U(9)=455.304719999999974788806867D0
	U(10)=0.000000000001662563200000D0
	U(11)=0.000000000000000001392842D0
	U(12)=0.000000000000000000000000D0
	U(13)=0.000000000000000001351129D0
	U(14)=0.000000000000000000000000D0
