	U(1)=-81.911902999999995245161699D0
	U(2)=-54.426960000000001116404746D0
	U(3)=-1042.258100000000013096723706D0
	U(4)=-0.000000000002246046400000D0
	U(5)=485.121770000000026357156457D0
	U(6)=0.000000000002486424900000D0
	U(7)=6188.339799999999740975908935D0
	U(8)=-0.000000000033852209000000D0
	U(9)=3597.740699999999833380570635D0
	U(10)=-0.000000000022986191000000D0
	U(11)=0.005031665799999999674763D0
	U(12)=-0.000000000000000034180182D0
	U(13)=0.002080398399999999932419D0
	U(14)=-0.000000000000000017492218D0
