	U(1)=-113.450280000000006452864909D0
	U(2)=-54.876663000000000636191544D0
	U(3)=-489.726679999999987558112480D0
	U(4)=0.000000000001231031700000D0
	U(5)=714.847899999999981446308084D0
	U(6)=0.000000000004330584500000D0
	U(7)=1299.496699999999918873072602D0
	U(8)=0.000000000005294340100000D0
	U(9)=625.673099999999976716935635D0
	U(10)=0.000000000003537012900000D0
	U(11)=0.000001224214899999999909D0
	U(12)=0.000000000000000000007590D0
	U(13)=0.000000487252919999999977D0
	U(14)=0.000000000000000000003845D0
