	U(1)=-95.888419999999996434780769D0
	U(2)=-38.253951999999998179191607D0
	U(3)=-349.887540000000001327862265D0
	U(4)=-0.000000000003398330400000D0
	U(5)=1097.961999999999989086063579D0
	U(6)=0.000000000008810593700000D0
	U(7)=1117.395400000000108775566332D0
	U(8)=-0.000000000013600662000000D0
	U(9)=227.510619999999988749550539D0
	U(10)=0.000000000000468836230000D0
	U(11)=0.001152592499999999979890D0
	U(12)=-0.000000000000000006560052D0
	U(13)=0.000301112600000000014532D0
	U(14)=-0.000000000000000001638224D0
