	U(1)=-90.391884000000004562025424D0
	U(2)=-52.609279999999998267412593D0
	U(3)=-152.246919999999988704075804D0
	U(4)=-0.000000000000241131440000D0
	U(5)=856.369140000000015788828023D0
	U(6)=-0.000000000005815321300000D0
	U(7)=3905.971700000000055297277868D0
	U(8)=0.000000000016309221000000D0
	U(9)=722.530089999999972860678099D0
	U(10)=0.000000000003891848200000D0
	U(11)=0.116431339999999994283542D0
	U(12)=0.000000000000000569707050D0
	U(13)=0.029465993999999998825823D0
	U(14)=0.000000000000000143493930D0
