	U(1)=-110.322299999999998476596375D0
	U(2)=-52.473328000000002191427484D0
	U(3)=-1028.296900000000050567905419D0
	U(4)=-0.000000000006672280300000D0
	U(5)=1737.556000000000040017766878D0
	U(6)=-0.000000000000213028470000D0
	U(7)=2098.993399999999837746145204D0
	U(8)=0.000000000013486094000000D0
	U(9)=272.051640000000020336301532D0
	U(10)=0.000000000001381227800000D0
	U(11)=0.000000000000072777877000D0
	U(12)=0.000000000000000000000000D0
	U(13)=0.000000000000055637871000D0
	U(14)=0.000000000000000000000000D0
