	U(1)=-96.186440000000004602043191D0
	U(2)=-48.089038999999999646206561D0
	U(3)=-622.225159999999959836713970D0
	U(4)=-0.000000000006760562200000D0
	U(5)=1480.556399999999939609551802D0
	U(6)=-0.000000000010621438000000D0
	U(7)=3192.962399999999888677848503D0
	U(8)=-0.000000000027214876000000D0
	U(9)=377.836329999999975370883476D0
	U(10)=-0.000000000002778573800000D0
	U(11)=0.000243323960000000000595D0
	U(12)=-0.000000000000000000802833D0
	U(13)=0.000153103650000000005840D0
	U(14)=-0.000000000000000000802630D0
