	U(1)=-116.339939999999998576640792D0
	U(2)=-47.539363999999999066403689D0
	U(3)=-774.486689999999953215592541D0
	U(4)=0.000000000002457375200000D0
	U(5)=354.961520000000007257767720D0
	U(6)=-0.000000000001991806500000D0
	U(7)=1151.851799999999911960912868D0
	U(8)=-0.000000000004935006400000D0
	U(9)=361.518129999999985102476785D0
	U(10)=-0.000000000002664152300000D0
	U(11)=0.000000212665380000000007D0
	U(12)=-0.000000000000000000000893D0
	U(13)=0.000000146696369999999998D0
	U(14)=-0.000000000000000000000902D0
