	U(1)=-84.300171000000005960828275D0
	U(2)=-50.129620000000002733031579D0
	U(3)=-402.452240000000017516867956D0
	U(4)=-0.000000000003397776000000D0
	U(5)=1729.122699999999895226210356D0
	U(6)=-0.000000000013581038000000D0
	U(7)=1788.529500000000098225427791D0
	U(8)=-0.000000000013634081000000D0
	U(9)=569.707459999999969113559928D0
	U(10)=-0.000000000006534020700000D0
	U(11)=0.013228767000000000650384D0
	U(12)=-0.000000000000000051616014D0
	U(13)=0.005936620800000000364172D0
	U(14)=-0.000000000000000025802505D0
