	U(1)=-92.237647999999992975972418D0
	U(2)=-51.739486999999996896804078D0
	U(3)=-243.584689999999994824975147D0
	U(4)=-0.000000000000382608770000D0
	U(5)=1257.292500000000018189894035D0
	U(6)=-0.000000000007604925400000D0
	U(7)=1032.608899999999948704498820D0
	U(8)=0.000000000008049441300000D0
	U(9)=219.405139999999988731360645D0
	U(10)=-0.000000000001356560600000D0
	U(11)=0.004585836999999999726019D0
	U(12)=-0.000000000000000034871516D0
	U(13)=0.003332369700000000194845D0
	U(14)=-0.000000000000000016484717D0
