	U(1)=-97.244506999999998697603587D0
	U(2)=-44.904125000000000511590770D0
	U(3)=-583.031190000000037798599806D0
	U(4)=0.000000000006517142700000D0
	U(5)=1546.997699999999895226210356D0
	U(6)=0.000000000008080784300000D0
	U(7)=1464.157099999999900319380686D0
	U(8)=0.000000000012981593000000D0
	U(9)=257.909330000000011295924196D0
	U(10)=0.000000000000782095040000D0
	U(11)=0.000011009087000000000462D0
	U(12)=0.000000000000000000057545D0
	U(13)=0.000009306425499999999282D0
	U(14)=0.000000000000000000057874D0
