	U(1)=-90.474693000000002029992174D0
	U(2)=-49.088295000000002232809493D0
	U(3)=-140.555769999999995434336597D0
	U(4)=-0.000000000000877525100000D0
	U(5)=520.255189999999970495991874D0
	U(6)=-0.000000000004080737500000D0
	U(7)=3328.677999999999883584678173D0
	U(8)=0.000000000014586421000000D0
	U(9)=597.934020000000032268872019D0
	U(10)=-0.000000000000349898820000D0
	U(11)=0.064032346000000003871655D0
	U(12)=-0.000000000000000563673590D0
	U(13)=0.024172993000000000257677D0
	U(14)=-0.000000000000000129993630D0
