	U(1)=-89.839447000000006937625585D0
	U(2)=-56.000808999999996729002305D0
	U(3)=-79.088745000000002960405254D0
	U(4)=0.000000000000210449330000D0
	U(5)=380.018550000000004729372449D0
	U(6)=0.000000000002243921800000D0
	U(7)=1311.659200000000055297277868D0
	U(8)=0.000000000003506649400000D0
	U(9)=820.690190000000029613147490D0
	U(10)=0.000000000000779978840000D0
	U(11)=0.055802620999999996698193D0
	U(12)=0.000000000000000286466070D0
	U(13)=0.023164536999999998934108D0
	U(14)=0.000000000000000150226260D0
