	U(1)=-102.543409999999994397512637D0
	U(2)=-50.739727000000002021806722D0
	U(3)=-1277.333300000000008367351256D0
	U(4)=-0.000000000003899679200000D0
	U(5)=462.235259999999982483132044D0
	U(6)=0.000000000003125439400000D0
	U(7)=1235.659799999999904684955254D0
	U(8)=-0.000000000003969734300000D0
	U(9)=562.176090000000044710759539D0
	U(10)=0.000000000001518859400000D0
	U(11)=0.000000449975179999999995D0
	U(12)=-0.000000000000000000001828D0
	U(13)=0.000000181739270000000010D0
	U(14)=-0.000000000000000000000923D0
