	U(1)=-95.188582999999994171957951D0
	U(2)=-51.136456000000002575234248D0
	U(3)=-347.928589999999985593603924D0
	U(4)=-0.000000000000411791610000D0
	U(5)=168.533680000000003929017112D0
	U(6)=-0.000000000001092169500000D0
	U(7)=2284.489999999999781721271574D0
	U(8)=-0.000000000010986019000000D0
	U(9)=772.935849999999959436536301D0
	U(10)=-0.000000000000527941570000D0
	U(11)=0.001164018200000000021962D0
	U(12)=-0.000000000000000007550857D0
	U(13)=0.000455697209999999998820D0
	U(14)=-0.000000000000000001850975D0
