	U(1)=-88.553237999999993235178408D0
	U(2)=-49.209525999999996770384314D0
	U(3)=-2089.158199999999851570464671D0
	U(4)=0.000000000006444514600000D0
	U(5)=4553.125000000000000000000000D0
	U(6)=0.000000000033474001000000D0
	U(7)=685.686770000000024083419703D0
	U(8)=-0.000000000000472035710000D0
	U(9)=307.850829999999973551894072D0
	U(10)=0.000000000003390816100000D0
	U(11)=0.094885804000000004143622D0
	U(12)=0.000000000000000561689780D0
	U(13)=0.048896514000000002031499D0
	U(14)=0.000000000000000280378200D0
