	U(1)=-97.627990999999994414793036D0
	U(2)=-38.177180999999997368377080D0
	U(3)=-746.501340000000027430360205D0
	U(4)=-0.000000000006753177000000D0
	U(5)=3248.878900000000157888280228D0
	U(6)=0.000000000019460980000000D0
	U(7)=2101.338400000000092404661700D0
	U(8)=-0.000000000027121930000000D0
	U(9)=218.039150000000006457412383D0
	U(10)=-0.000000000000629205670000D0
	U(11)=0.000025860986999999999668D0
	U(12)=-0.000000000000000000100260D0
	U(13)=0.000011925307999999999360D0
	U(14)=-0.000000000000000000050128D0
