	U(1)=-95.912270000000006575646694D0
	U(2)=-50.117229000000001803982741D0
	U(3)=-249.410480000000006839400157D0
	U(4)=0.000000000001150524700000D0
	U(5)=474.632420000000024629116524D0
	U(6)=-0.000000000002064193200000D0
	U(7)=965.306950000000028921931516D0
	U(8)=0.000000000001317034300000D0
	U(9)=117.573610000000002173692337D0
	U(10)=-0.000000000000603177120000D0
	U(11)=0.002285416000000000183445D0
	U(12)=0.000000000000000015190500D0
	U(13)=0.001134423999999999979268D0
	U(14)=0.000000000000000007612819D0
