	U(1)=-82.944121999999993022356648D0
	U(2)=-34.053524000000003013610694D0
	U(3)=-361.562409999999999854480848D0
	U(4)=-0.000000000000648891260000D0
	U(5)=477.843959999999981391738402D0
	U(6)=-0.000000000002146259100000D0
	U(7)=4780.770499999999628926161677D0
	U(8)=-0.000000000031276967000000D0
	U(9)=634.297239999999987958290149D0
	U(10)=-0.000000000001892395300000D0
	U(11)=0.193293290000000006489955D0
	U(12)=-0.000000000000001135391500D0
	U(13)=0.066888683000000004330587D0
	U(14)=-0.000000000000000620843920D0
