	U(1)=-93.275306999999997970007826D0
	U(2)=-44.540733000000003016793926D0
	U(3)=-253.290150000000011232259567D0
	U(4)=-0.000000000001669087700000D0
	U(5)=582.054200000000037107383832D0
	U(6)=0.000000000004788522400000D0
	U(7)=1178.909400000000005093170330D0
	U(8)=-0.000000000013598568000000D0
	U(9)=169.874680000000012114469428D0
	U(10)=-0.000000000001070690800000D0
	U(11)=0.027249756999999999451667D0
	U(12)=-0.000000000000000103281840D0
	U(13)=0.023012079000000001255399D0
	U(14)=-0.000000000000000103308940D0
