	U(1)=-88.548286000000004491994332D0
	U(2)=-51.502453000000002703018254D0
	U(3)=-407.729060000000004038156476D0
	U(4)=-0.000000000000915823840000D0
	U(5)=1710.767800000000079307937995D0
	U(6)=0.000000000007803500900000D0
	U(7)=626.711300000000051113602240D0
	U(8)=-0.000000000001325608600000D0
	U(9)=230.669170000000008258211892D0
	U(10)=0.000000000001174316200000D0
	U(11)=0.051746879000000002568616D0
	U(12)=0.000000000000000269387500D0
	U(13)=0.014476973000000000618703D0
	U(14)=0.000000000000000066355244D0
