	U(1)=-100.287400000000005206857168D0
	U(2)=-48.292427000000003545210348D0
	U(3)=-1037.965799999999944702722132D0
	U(4)=0.000000000008503749800000D0
	U(5)=2398.931199999999989813659340D0
	U(6)=0.000000000017501719000000D0
	U(7)=1804.945799999999962892616168D0
	U(8)=0.000000000009694710300000D0
	U(9)=371.274780000000021118466975D0
	U(10)=0.000000000001844064800000D0
	U(11)=0.000004961818400000000334D0
	U(12)=0.000000000000000000028918D0
	U(13)=0.000002431818300000000054D0
	U(14)=0.000000000000000000014379D0
