	U(1)=-88.836487000000005309630069D0
	U(2)=-46.341976000000002500200935D0
	U(3)=-421.081329999999979918356985D0
	U(4)=0.000000000000538346710000D0
	U(5)=1203.506200000000035288394429D0
	U(6)=0.000000000012205841000000D0
	U(7)=1917.169300000000021100277081D0
	U(8)=-0.000000000002944565400000D0
	U(9)=238.669389999999992824086803D0
	U(10)=-0.000000000000771235780000D0
	U(11)=0.065066256000000002868155D0
	U(12)=-0.000000000000000565565010D0
	U(13)=0.068813808000000004083674D0
	U(14)=-0.000000000000000553196580D0
