	U(1)=-95.922614999999993301571521D0
	U(2)=-48.867195000000002380602382D0
	U(3)=-398.519990000000007057678886D0
	U(4)=0.000000000000714190700000D0
	U(5)=954.460329999999999017745722D0
	U(6)=-0.000000000004371802400000D0
	U(7)=2076.831799999999930150806904D0
	U(8)=0.000000000006028005400000D0
	U(9)=447.224580000000003110471880D0
	U(10)=-0.000000000002114307600000D0
	U(11)=0.010158435000000000381082D0
	U(12)=0.000000000000000087346315D0
	U(13)=0.004833621899999999624309D0
	U(14)=0.000000000000000047194112D0
