	U(1)=-86.969086000000004332832759D0
	U(2)=-53.045951999999999770807335D0
	U(3)=-631.724489999999946121533867D0
	U(4)=0.000000000000939687780000D0
	U(5)=3229.648400000000037834979594D0
	U(6)=-0.000000000020796103000000D0
	U(7)=1449.327899999999999636202119D0
	U(8)=0.000000000003219287500000D0
	U(9)=288.188199999999994815880200D0
	U(10)=-0.000000000001258021100000D0
	U(11)=0.002733119799999999838952D0
	U(12)=0.000000000000000025158899D0
	U(13)=0.001406721899999999973035D0
	U(14)=0.000000000000000012018010D0
