	U(1)=-87.352997000000002003616828D0
	U(2)=-51.854289999999998883595254D0
	U(3)=-857.088259999999991123331711D0
	U(4)=0.000000000002313141000000D0
	U(5)=586.980590000000006511982065D0
	U(6)=0.000000000004255677800000D0
	U(7)=1735.411499999999932697392069D0
	U(8)=-0.000000000002777589100000D0
	U(9)=417.512330000000019936123863D0
	U(10)=0.000000000000001842411600D0
	U(11)=0.059088871000000001143526D0
	U(12)=0.000000000000000263180970D0
	U(13)=0.034689259000000000066066D0
	U(14)=0.000000000000000278590860D0
