	U(1)=-88.464172000000004913999874D0
	U(2)=-45.031612000000002637989382D0
	U(3)=-469.425959999999975025275489D0
	U(4)=0.000000000002618670300000D0
	U(5)=1090.332799999999906503944658D0
	U(6)=-0.000000000002576103800000D0
	U(7)=1233.312699999999949795892462D0
	U(8)=-0.000000000003186134100000D0
	U(9)=395.657780000000002473825589D0
	U(10)=-0.000000000001581298200000D0
	U(11)=0.002220441100000000115428D0
	U(12)=-0.000000000000000016100493D0
	U(13)=0.000742740580000000047770D0
	U(14)=-0.000000000000000003941306D0
