	U(1)=-74.791588000000004399225872D0
	U(2)=-44.445270999999998196017259D0
	U(3)=-964.648559999999974934326019D0
	U(4)=0.000000000004435634600000D0
	U(5)=1878.663800000000037471181713D0
	U(6)=0.000000000002461463800000D0
	U(7)=1594.363399999999955980456434D0
	U(8)=-0.000000000002579547700000D0
	U(9)=334.420619999999985338945407D0
	U(10)=-0.000000000002614255400000D0
	U(11)=0.498571160000000013212684D0
	U(12)=0.000000000000000352075700D0
	U(13)=0.222638830000000009778915D0
	U(14)=0.000000000000000096053999D0
