	U(1)=-79.498885999999998830389814D0
	U(2)=-44.246802999999999883584678D0
	U(3)=-227.417180000000001882654033D0
	U(4)=-0.000000000000276001990000D0
	U(5)=1432.127300000000104773789644D0
	U(6)=0.000000000011972450000000D0
	U(7)=2299.520500000000083673512563D0
	U(8)=0.000000000007951806700000D0
	U(9)=598.147770000000036816345528D0
	U(10)=-0.000000000003570595200000D0
	U(11)=0.045284989999999997190017D0
	U(12)=-0.000000000000000274442510D0
	U(13)=0.011419225999999999335288D0
	U(14)=-0.000000000000000068356320D0
