	U(1)=-112.485889999999997712620825D0
	U(2)=-45.528213999999998407020030D0
	U(3)=-1401.364700000000084401108325D0
	U(4)=-0.000000000013615772000000D0
	U(5)=1029.643299999999953797669150D0
	U(6)=-0.000000000006109697400000D0
	U(7)=2406.549799999999777355697006D0
	U(8)=-0.000000000027260805000000D0
	U(9)=292.831569999999999254214345D0
	U(10)=0.000000000001674182000000D0
	U(11)=0.000000000704902530000000D0
	U(12)=-0.000000000000000000000003D0
	U(13)=0.000000000556407700000000D0
	U(14)=-0.000000000000000000000003D0
