	U(1)=-93.353622000000001435182639D0
	U(2)=-49.864994000000002927208698D0
	U(3)=-150.635030000000000427462510D0
	U(4)=0.000000000000630201190000D0
	U(5)=1122.201999999999998181010596D0
	U(6)=-0.000000000008020968400000D0
	U(7)=2034.279199999999946157913655D0
	U(8)=-0.000000000005763482600000D0
	U(9)=974.586429999999950268829707D0
	U(10)=-0.000000000004154640600000D0
	U(11)=0.000377849119999999988415D0
	U(12)=-0.000000000000000001834185D0
	U(13)=0.000158299050000000000177D0
	U(14)=-0.000000000000000000923659D0
