	U(1)=-162.838240000000013196768123D0
	U(2)=-55.841662999999996941369318D0
	U(3)=-474.179169999999999163264874D0
	U(4)=-0.000000000003407864300000D0
	U(5)=271.457119999999974879756337D0
	U(6)=0.000000000002218868800000D0
	U(7)=892.234130000000050131347962D0
	U(8)=-0.000000000004531032200000D0
	U(9)=277.645629999999982828740031D0
	U(10)=-0.000000000000420884460000D0
	U(11)=0.000000000000008899514300D0
	U(12)=0.000000000000000000000000D0
	U(13)=0.000000000000003589977600D0
	U(14)=0.000000000000000000000000D0
