	U(1)=-91.832869999999999777173798D0
	U(2)=-48.958305000000002848992153D0
	U(3)=-223.921140000000008285496733D0
	U(4)=0.000000000000038441794000D0
	U(5)=2076.243899999999939609551802D0
	U(6)=0.000000000017445078000000D0
	U(7)=1792.347500000000081854523160D0
	U(8)=-0.000000000007034366100000D0
	U(9)=625.353449999999952524376567D0
	U(10)=0.000000000002648680500000D0
	U(11)=0.019182702999999998866310D0
	U(12)=0.000000000000000143747290D0
	U(13)=0.012893352999999999758396D0
	U(14)=0.000000000000000069721433D0
