	U(1)=-109.849620000000001596163202D0
	U(2)=-47.558731000000001643002179D0
	U(3)=-1554.320200000000113504938781D0
	U(4)=-0.000000000013597838000000D0
	U(5)=2104.516599999999925785232335D0
	U(6)=0.000000000008673376300000D0
	U(7)=1875.451299999999946521711536D0
	U(8)=-0.000000000013552903000000D0
	U(9)=336.073519999999973606463755D0
	U(10)=-0.000000000001713889200000D0
	U(11)=0.000000696479669999999968D0
	U(12)=-0.000000000000000000003124D0
	U(13)=0.000000306243859999999994D0
	U(14)=-0.000000000000000000001561D0
