	U(1)=-98.030372999999997318809619D0
	U(2)=-12.864191999999999183046384D0
	U(3)=-1355.896500000000060026650317D0
	U(4)=-0.000000000013619715000000D0
	U(5)=992.266849999999976716935635D0
	U(6)=-0.000000000006796913300000D0
	U(7)=2221.232899999999972351361066D0
	U(8)=-0.000000000027097935000000D0
	U(9)=73.639763000000002080014383D0
	U(10)=0.000000000000422335020000D0
	U(11)=0.000583444199999999979674D0
	U(12)=-0.000000000000000006398075D0
	U(13)=0.000389820689999999985334D0
	U(14)=-0.000000000000000002983731D0
