	U(1)=-88.931884999999994079189491D0
	U(2)=-48.662277000000003113200364D0
	U(3)=-131.249009999999998399289325D0
	U(4)=0.000000000000592594440000D0
	U(5)=565.967830000000049039954320D0
	U(6)=0.000000000005662101900000D0
	U(7)=2415.853500000000167347025126D0
	U(8)=-0.000000000001716996700000D0
	U(9)=567.270570000000020627339836D0
	U(10)=-0.000000000002639807600000D0
	U(11)=0.000519276950000000046131D0
	U(12)=-0.000000000000000004681902D0
	U(13)=0.000195606569999999996322D0
	U(14)=-0.000000000000000001101955D0
