	U(1)=-95.969521000000000299223757D0
	U(2)=-51.772697000000000855379767D0
	U(3)=-532.776669999999967330950312D0
	U(4)=-0.000000000000716638280000D0
	U(5)=350.584009999999977935658535D0
	U(6)=-0.000000000002289375300000D0
	U(7)=4349.427700000000186264514923D0
	U(8)=-0.000000000022029581000000D0
	U(9)=917.895509999999944739101920D0
	U(10)=0.000000000000169100300000D0
	U(11)=0.002209122999999999902715D0
	U(12)=-0.000000000000000015645196D0
	U(13)=0.000866391350000000003660D0
	U(14)=-0.000000000000000003815984D0
