	U(1)=-110.726939999999999031388143D0
	U(2)=-28.526637999999998385192157D0
	U(3)=-760.559079999999994470272213D0
	U(4)=-0.000000000006801998200000D0
	U(5)=822.913940000000025065673981D0
	U(6)=-0.000000000006743409200000D0
	U(7)=1374.907200000000102591002360D0
	U(8)=-0.000000000013578791000000D0
	U(9)=113.717380000000005679794413D0
	U(10)=0.000000000000418693780000D0
	U(11)=0.000000000879123390000000D0
	U(12)=-0.000000000000000000000006D0
	U(13)=0.000000000670635160000000D0
	U(14)=-0.000000000000000000000006D0
