	U(1)=-73.739517000000006419213605D0
	U(2)=-49.897530000000003269633453D0
	U(3)=-505.294460000000015043042367D0
	U(4)=-0.000000000000222901380000D0
	U(5)=489.796780000000012478267308D0
	U(6)=0.000000000001977397200000D0
	U(7)=831.243709999999964566086419D0
	U(8)=0.000000000000662945720000D0
	U(9)=389.795039999999971769284457D0
	U(10)=0.000000000001637738200000D0
	U(11)=0.133407799999999993056932D0
	U(12)=0.000000000000001369323900D0
	U(13)=0.116565199999999993818456D0
	U(14)=0.000000000000000630041210D0
