	U(1)=-83.598076000000006047230272D0
	U(2)=-48.545794999999998253770173D0
	U(3)=-323.762420000000020081643015D0
	U(4)=-0.000000000003407428600000D0
	U(5)=527.118230000000039581209421D0
	U(6)=-0.000000000004340552200000D0
	U(7)=1958.679399999999986903276294D0
	U(8)=-0.000000000013584554000000D0
	U(9)=674.289369999999962601577863D0
	U(10)=0.000000000001237773700000D0
	U(11)=0.000720149549999999976854D0
	U(12)=-0.000000000000000002978117D0
	U(13)=0.000275852390000000001133D0
	U(14)=-0.000000000000000001489037D0
