	U(1)=-114.105710000000001969056029D0
	U(2)=-46.690204999999998847215466D0
	U(3)=-118.672910000000001673470251D0
	U(4)=-0.000000000000775055750000D0
	U(5)=126.994089999999999918145477D0
	U(6)=-0.000000000000492566820000D0
	U(7)=2114.204099999999925785232335D0
	U(8)=-0.000000000026663659000000D0
	U(9)=168.357709999999997307895683D0
	U(10)=-0.000000000001407919800000D0
	U(11)=0.000000009148863899999999D0
	U(12)=-0.000000000000000000000060D0
	U(13)=0.000000006884519600000000D0
	U(14)=-0.000000000000000000000029D0
