	U(1)=-95.505745000000004552020982D0
	U(2)=-53.281253999999997006398189D0
	U(3)=-188.559969999999992751327227D0
	U(4)=-0.000000000000085700917000D0
	U(5)=693.792599999999993087840267D0
	U(6)=-0.000000000003978090900000D0
	U(7)=3107.410600000000158615875989D0
	U(8)=-0.000000000005583530200000D0
	U(9)=407.517819999999971969373291D0
	U(10)=-0.000000000002108755700000D0
	U(11)=0.014031821999999999350806D0
	U(12)=-0.000000000000000084157759D0
	U(13)=0.006047982700000000162721D0
	U(14)=-0.000000000000000046953223D0
