	U(1)=-92.341903999999999541614670D0
	U(2)=-44.752074999999997828581400D0
	U(3)=-299.925990000000012969394447D0
	U(4)=-0.000000000001270557100000D0
	U(5)=1463.119899999999915962689556D0
	U(6)=-0.000000000008271178000000D0
	U(7)=3658.214599999999791180016473D0
	U(8)=-0.000000000009554387700000D0
	U(9)=1432.589099999999916690285318D0
	U(10)=-0.000000000008503724600000D0
	U(11)=0.000048830723000000002851D0
	U(12)=-0.000000000000000000244693D0
	U(13)=0.000039184945999999997303D0
	U(14)=-0.000000000000000000246208D0
