	U(1)=-101.728909999999999058672984D0
	U(2)=-55.031722999999999501596903D0
	U(3)=-404.929289999999980409484124D0
	U(4)=-0.000000000003385892900000D0
	U(5)=805.150269999999977699189913D0
	U(6)=-0.000000000003968860400000D0
	U(7)=947.986390000000028521753848D0
	U(8)=-0.000000000006762058400000D0
	U(9)=274.733920000000011896190699D0
	U(10)=-0.000000000001860118600000D0
	U(11)=0.000000006416503800000000D0
	U(12)=-0.000000000000000000000026D0
	U(13)=0.000000005157835900000000D0
	U(14)=-0.000000000000000000000026D0
