	U(1)=-89.913239000000004352841643D0
	U(2)=-51.144829000000001428816176D0
	U(3)=-163.632710000000002992237569D0
	U(4)=-0.000000000001418046200000D0
	U(5)=3349.825400000000172440195456D0
	U(6)=0.000000000021597987000000D0
	U(7)=1612.003999999999905412551016D0
	U(8)=-0.000000000009875177100000D0
	U(9)=510.731780000000014752004063D0
	U(10)=-0.000000000000745094580000D0
	U(11)=0.018207087999999999744505D0
	U(12)=-0.000000000000000138367580D0
	U(13)=0.010183007000000000863427D0
	U(14)=-0.000000000000000066363013D0
