	U(1)=-92.853722000000004754838301D0
	U(2)=-53.145091999999998222392605D0
	U(3)=-541.920780000000036125129554D0
	U(4)=-0.000000000000841615510000D0
	U(5)=400.524540000000001782609615D0
	U(6)=-0.000000000002013065100000D0
	U(7)=1260.403000000000020008883439D0
	U(8)=-0.000000000001435800200000D0
	U(9)=152.705350000000009913492249D0
	U(10)=-0.000000000001256252900000D0
	U(11)=0.001667138099999999900636D0
	U(12)=-0.000000000000000007873874D0
	U(13)=0.000720764570000000039281D0
	U(14)=-0.000000000000000003973405D0
