	U(1)=-75.872191999999998301973392D0
	U(2)=-46.427906000000000119598553D0
	U(3)=-498.880370000000027630449040D0
	U(4)=0.000000000001018022400000D0
	U(5)=435.535370000000000345607987D0
	U(6)=0.000000000000859285410000D0
	U(7)=3315.666000000000167347025126D0
	U(8)=0.000000000015096408000000D0
	U(9)=809.933290000000056352291722D0
	U(10)=0.000000000005770231100000D0
	U(11)=0.002631707100000000090767D0
	U(12)=0.000000000000000022728399D0
	U(13)=0.001549312699999999976691D0
	U(14)=0.000000000000000009841565D0
