	U(1)=-87.834068000000002029992174D0
	U(2)=-44.972977000000000202817318D0
	U(3)=-118.399760000000000559339242D0
	U(4)=-0.000000000000326241180000D0
	U(5)=755.982600000000047657522373D0
	U(6)=-0.000000000004116880400000D0
	U(7)=811.883119999999962601577863D0
	U(8)=0.000000000000400206180000D0
	U(9)=301.329529999999977007973939D0
	U(10)=-0.000000000000873340250000D0
	U(11)=0.122017529999999999046345D0
	U(12)=0.000000000000000555150210D0
	U(13)=0.051780104999999999881855D0
	U(14)=0.000000000000000282510030D0
