	U(1)=-109.231099999999997862687451D0
	U(2)=-46.156329999999996971382643D0
	U(3)=-623.378910000000018953869585D0
	U(4)=0.000000000001400753100000D0
	U(5)=524.537349999999946703610476D0
	U(6)=-0.000000000002191456700000D0
	U(7)=1582.701700000000073487171903D0
	U(8)=-0.000000000004937918100000D0
	U(9)=467.899630000000001928128768D0
	U(10)=-0.000000000000301296150000D0
	U(11)=0.000000002212504400000000D0
	U(12)=0.000000000000000000000014D0
	U(13)=0.000000000801166630000000D0
	U(14)=0.000000000000000000000003D0
