	U(1)=-85.951590999999993414348864D0
	U(2)=-57.503517000000002212800609D0
	U(3)=-447.282809999999983574525686D0
	U(4)=0.000000000000272944810000D0
	U(5)=104.280709999999999126885086D0
	U(6)=-0.000000000000573652130000D0
	U(7)=521.565609999999992396624293D0
	U(8)=0.000000000000597606820000D0
	U(9)=170.626460000000008676579455D0
	U(10)=0.000000000000474255130000D0
	U(11)=0.194707960000000013245369D0
	U(12)=0.000000000000001078894200D0
	U(13)=0.109778470000000002992913D0
	U(14)=0.000000000000000533086640D0
