	U(1)=-83.249718000000001438820618D0
	U(2)=-41.535266999999997494796844D0
	U(3)=-861.641910000000052605173551D0
	U(4)=-0.000000000002865746100000D0
	U(5)=4974.340799999999944702722132D0
	U(6)=-0.000000000033235050000000D0
	U(7)=2952.835199999999986175680533D0
	U(8)=-0.000000000017373001000000D0
	U(9)=877.740300000000047475623433D0
	U(10)=-0.000000000006807224900000D0
	U(11)=0.002462177800000000128106D0
	U(12)=-0.000000000000000017106706D0
	U(13)=0.000995444480000000093273D0
	U(14)=-0.000000000000000008704552D0
