	U(1)=-103.590100000000006730260793D0
	U(2)=-47.355167000000001564785634D0
	U(3)=-450.130040000000008149072528D0
	U(4)=0.000000000001212085600000D0
	U(5)=464.851810000000000400177669D0
	U(6)=-0.000000000002003888800000D0
	U(7)=2581.394299999999930150806904D0
	U(8)=-0.000000000003840028600000D0
	U(9)=238.976179999999999381543603D0
	U(10)=-0.000000000001687756500000D0
	U(11)=0.000074204429000000003279D0
	U(12)=-0.000000000000000000468263D0
	U(13)=0.000015229132000000000476D0
	U(14)=-0.000000000000000000057328D0
