	U(1)=-89.046279999999995879989001D0
	U(2)=-47.718544000000001403805072D0
	U(3)=-181.653519999999986112015904D0
	U(4)=0.000000000000821928570000D0
	U(5)=721.178099999999972169462126D0
	U(6)=-0.000000000006591049800000D0
	U(7)=1172.900900000000092404661700D0
	U(8)=-0.000000000000963227760000D0
	U(9)=354.221769999999992251105141D0
	U(10)=0.000000000001652693300000D0
	U(11)=0.021410282999999998704288D0
	U(12)=0.000000000000000142070730D0
	U(13)=0.009755663600000000559853D0
	U(14)=0.000000000000000071028782D0
