	U(1)=-99.147201999999992949597072D0
	U(2)=-57.424129000000000644376996D0
	U(3)=-349.013759999999990668584360D0
	U(4)=-0.000000000000059311822000D0
	U(5)=399.919219999999995707185008D0
	U(6)=0.000000000002069260600000D0
	U(7)=1058.396600000000034924596548D0
	U(8)=-0.000000000001482318200000D0
	U(9)=599.406619999999975334503688D0
	U(10)=0.000000000000202542100000D0
	U(11)=0.000173369819999999989378D0
	U(12)=0.000000000000000001130177D0
	U(13)=0.000104895249999999994896D0
	U(14)=0.000000000000000000551828D0
