	U(1)=-95.188263000000006286427379D0
	U(2)=-56.701777999999997348368197D0
	U(3)=-237.675049999999998817656888D0
	U(4)=-0.000000000000360087230000D0
	U(5)=673.790709999999990031938069D0
	U(6)=0.000000000004557977300000D0
	U(7)=953.316770000000019535946194D0
	U(8)=-0.000000000000666166290000D0
	U(9)=349.067020000000013624230633D0
	U(10)=0.000000000001471368200000D0
	U(11)=0.000001423270399999999981D0
	U(12)=-0.000000000000000000008501D0
	U(13)=0.000001287690999999999933D0
	U(14)=-0.000000000000000000008592D0
