	U(1)=-98.317138999999997395207174D0
	U(2)=-53.324078000000000088220986D0
	U(3)=-125.396219999999999572537490D0
	U(4)=0.000000000000083439393000D0
	U(5)=294.947690000000022791937226D0
	U(6)=-0.000000000002136612700000D0
	U(7)=926.688660000000027139321901D0
	U(8)=0.000000000001672409700000D0
	U(9)=123.321430000000006543814379D0
	U(10)=-0.000000000000311809090000D0
	U(11)=0.000357623149999999998157D0
	U(12)=0.000000000000000001835443D0
	U(13)=0.000221064289999999989472D0
	U(14)=0.000000000000000000912265D0
