	U(1)=-91.914383000000000834006642D0
	U(2)=-45.341774000000000910404196D0
	U(3)=-1610.179599999999936699168757D0
	U(4)=0.000000000003257689300000D0
	U(5)=947.633420000000000982254278D0
	U(6)=-0.000000000004559349400000D0
	U(7)=1538.752199999999902502167970D0
	U(8)=0.000000000004722446800000D0
	U(9)=313.416960000000017316779122D0
	U(10)=0.000000000001261651300000D0
	U(11)=0.003191092100000000007787D0
	U(12)=-0.000000000000000015791247D0
	U(13)=0.001516769399999999979461D0
	U(14)=-0.000000000000000007895741D0
