	U(1)=-82.115157999999993876372173D0
	U(2)=-36.476314999999999599822331D0
	U(3)=-178.053480000000007521521184D0
	U(4)=-0.000000000001200716500000D0
	U(5)=1664.542400000000043291947804D0
	U(6)=-0.000000000000759950640000D0
	U(7)=2892.143599999999878491507843D0
	U(8)=-0.000000000024099443000000D0
	U(9)=230.612789999999989731804817D0
	U(10)=0.000000000001183534800000D0
	U(11)=0.131017579999999994599946D0
	U(12)=0.000000000000001160287500D0
	U(13)=0.129800350000000008776624D0
	U(14)=0.000000000000001162613900D0
