	U(1)=-104.694839999999999236024451D0
	U(2)=-42.048717000000003451987141D0
	U(3)=-417.352419999999995070538716D0
	U(4)=0.000000000000203523920000D0
	U(5)=299.085080000000004929461284D0
	U(6)=0.000000000002065192200000D0
	U(7)=3108.970699999999851570464671D0
	U(8)=-0.000000000003509853000000D0
	U(9)=671.405819999999948777258396D0
	U(10)=0.000000000002082064100000D0
	U(11)=0.000001681803399999999984D0
	U(12)=0.000000000000000000007042D0
	U(13)=0.000000741160190000000002D0
	U(14)=0.000000000000000000003520D0
