	U(1)=-88.096687000000002853994374D0
	U(2)=-40.426169999999999049578037D0
	U(3)=-172.981020000000000891304808D0
	U(4)=-0.000000000000259035930000D0
	U(5)=51.194920000000003312834451D0
	U(6)=0.000000000000250826320000D0
	U(7)=2771.920700000000124418875203D0
	U(8)=0.000000000007301216900000D0
	U(9)=840.343439999999986866896506D0
	U(10)=0.000000000006699302600000D0
	U(11)=0.000776597649999999969234D0
	U(12)=0.000000000000000003840572D0
	U(13)=0.000501990609999999957795D0
	U(14)=0.000000000000000003953395D0
