	U(1)=-113.236940000000004147295840D0
	U(2)=-50.802489999999998815383151D0
	U(3)=-388.859069999999974243110046D0
	U(4)=0.000000000000813926130000D0
	U(5)=463.720950000000016189005692D0
	U(6)=0.000000000002028964200000D0
	U(7)=1244.399300000000039290171117D0
	U(8)=-0.000000000010101123000000D0
	U(9)=725.193480000000022300810087D0
	U(10)=0.000000000002766197600000D0
	U(11)=0.000000130574889999999988D0
	U(12)=0.000000000000000000000882D0
	U(13)=0.000000058402164999999999D0
	U(14)=0.000000000000000000000218D0
