	U(1)=-124.965879999999998517523636D0
	U(2)=-50.862946000000000879026629D0
	U(3)=-793.304690000000050531525631D0
	U(4)=0.000000000000340305040000D0
	U(5)=350.223630000000014206307242D0
	U(6)=0.000000000002067202100000D0
	U(7)=2069.044699999999920692062005D0
	U(8)=-0.000000000000373764390000D0
	U(9)=699.458070000000020627339836D0
	U(10)=-0.000000000003797139300000D0
	U(11)=0.000000122232320000000002D0
	U(12)=0.000000000000000000000953D0
	U(13)=0.000000037714264999999998D0
	U(14)=0.000000000000000000000235D0
