	U(1)=-95.838211000000001149601303D0
	U(2)=-49.910423000000001536591299D0
	U(3)=-826.848020000000019535946194D0
	U(4)=0.000000000003414739200000D0
	U(5)=2473.722900000000208819983527D0
	U(6)=0.000000000017428748000000D0
	U(7)=2645.226099999999860301613808D0
	U(8)=-0.000000000017094505000000D0
	U(9)=939.508540000000039071892388D0
	U(10)=-0.000000000001251333100000D0
	U(11)=0.000140980439999999998969D0
	U(12)=0.000000000000000000977485D0
	U(13)=0.000055268042999999997657D0
	U(14)=0.000000000000000000237233D0
