	U(1)=-114.925929999999993924575392D0
	U(2)=-56.854477000000002817614586D0
	U(3)=-262.283450000000016189005692D0
	U(4)=0.000000000001005129500000D0
	U(5)=141.117079999999987194314599D0
	U(6)=-0.000000000001038547200000D0
	U(7)=723.400819999999953324731905D0
	U(8)=-0.000000000000503454920000D0
	U(9)=414.684360000000026502675610D0
	U(10)=-0.000000000001526018100000D0
	U(11)=0.000008312578800000000007D0
	U(12)=-0.000000000000000000056955D0
	U(13)=0.000006453723899999999598D0
	U(14)=-0.000000000000000000028177D0
