	U(1)=-94.333099000000004252797225D0
	U(2)=-38.595492999999997607574187D0
	U(3)=-360.572139999999990322976373D0
	U(4)=0.000000000000551103490000D0
	U(5)=1954.983300000000099316821434D0
	U(6)=-0.000000000009591166400000D0
	U(7)=1387.222899999999981446308084D0
	U(8)=-0.000000000008997301200000D0
	U(9)=172.279040000000009058567230D0
	U(10)=-0.000000000001038217600000D0
	U(11)=0.000183469600000000002647D0
	U(12)=0.000000000000000000881484D0
	U(13)=0.000091384936000000005041D0
	U(14)=0.000000000000000000440744D0
