	U(1)=-92.625832000000002608430805D0
	U(2)=-29.650294999999999845385901D0
	U(3)=-207.900759999999991123331711D0
	U(4)=-0.000000000001195932400000D0
	U(5)=1523.274300000000039290171117D0
	U(6)=0.000000000013498515000000D0
	U(7)=1513.021899999999959618435241D0
	U(8)=-0.000000000012040860000000D0
	U(9)=233.261400000000008958522812D0
	U(10)=-0.000000000000746602600000D0
	U(11)=0.009157386599999999335364D0
	U(12)=0.000000000000000097108403D0
	U(13)=0.004441091299999999977843D0
	U(14)=0.000000000000000048554016D0
