	U(1)=-94.270583999999999491592462D0
	U(2)=-43.593479000000002088199835D0
	U(3)=-498.459690000000023246684577D0
	U(4)=-0.000000000001683543500000D0
	U(5)=697.419920000000047366484068D0
	U(6)=0.000000000004146612300000D0
	U(7)=1081.127700000000004365574569D0
	U(8)=-0.000000000010307066000000D0
	U(9)=239.480899999999991223376128D0
	U(10)=0.000000000001469601000000D0
	U(11)=0.000773763400000000039526D0
	U(12)=0.000000000000000003731545D0
	U(13)=0.000358032350000000000947D0
	U(14)=0.000000000000000001868346D0
