	U(1)=-100.153800000000003933564585D0
	U(2)=-53.788502000000001146418072D0
	U(3)=-556.942260000000032960087992D0
	U(4)=-0.000000000000870677230000D0
	U(5)=2048.373000000000047293724492D0
	U(6)=0.000000000016931347000000D0
	U(7)=3119.700200000000222644302994D0
	U(8)=-0.000000000002184488100000D0
	U(9)=819.868650000000002364686225D0
	U(10)=0.000000000003414226800000D0
	U(11)=0.000153312979999999999311D0
	U(12)=0.000000000000000000981649D0
	U(13)=0.000052563442000000000476D0
	U(14)=0.000000000000000000240738D0
