	U(1)=-90.315544000000002711203706D0
	U(2)=-52.440559000000000366981112D0
	U(3)=-593.954349999999976716935635D0
	U(4)=-0.000000000002944600700000D0
	U(5)=454.752929999999992105585989D0
	U(6)=-0.000000000002020081800000D0
	U(7)=748.759829999999965366441756D0
	U(8)=0.000000000001564030200000D0
	U(9)=234.711639999999988503986970D0
	U(10)=-0.000000000001440171100000D0
	U(11)=0.001255462599999999928624D0
	U(12)=-0.000000000000000007542859D0
	U(13)=0.000715950270000000033553D0
	U(14)=-0.000000000000000003729442D0
