	U(1)=-92.986153000000001611624612D0
	U(2)=-50.951011999999998636212695D0
	U(3)=-286.694399999999973260855768D0
	U(4)=0.000000000001546204100000D0
	U(5)=2870.934299999999893771018833D0
	U(6)=0.000000000018113646000000D0
	U(7)=1498.932299999999941064743325D0
	U(8)=0.000000000007405390500000D0
	U(9)=251.267719999999997071427060D0
	U(10)=-0.000000000000443366320000D0
	U(11)=0.003257911899999999926630D0
	U(12)=-0.000000000000000014450038D0
	U(13)=0.001987058199999999948127D0
	U(14)=-0.000000000000000015118769D0
