	U(1)=-93.392859999999998876774043D0
	U(2)=-57.506058000000003005425242D0
	U(3)=-642.602970000000027539499570D0
	U(4)=0.000000000001016304800000D0
	U(5)=362.154819999999972424120642D0
	U(6)=0.000000000002045415500000D0
	U(7)=863.585329999999999017745722D0
	U(8)=0.000000000000143622690000D0
	U(9)=365.947690000000022791937226D0
	U(10)=0.000000000002066666900000D0
	U(11)=0.013055066000000000586700D0
	U(12)=0.000000000000000062214934D0
	U(13)=0.005691144100000000011219D0
	U(14)=0.000000000000000031298946D0
