	U(1)=-115.597890000000006693881005D0
	U(2)=-31.457505999999998635985321D0
	U(3)=-473.964749999999980900611263D0
	U(4)=-0.000000000003342073800000D0
	U(5)=274.035860000000013769749785D0
	U(6)=-0.000000000002911688500000D0
	U(7)=1450.399300000000039290171117D0
	U(8)=-0.000000000000767924520000D0
	U(9)=162.204990000000009331415640D0
	U(10)=-0.000000000000031639344000D0
	U(11)=0.000000892567980000000036D0
	U(12)=-0.000000000000000000003530D0
	U(13)=0.000000393590279999999976D0
	U(14)=-0.000000000000000000001772D0
