	U(1)=-91.160758999999998763996700D0
	U(2)=-46.834556999999996662609192D0
	U(3)=-721.824460000000044601620175D0
	U(4)=-0.000000000001673067900000D0
	U(5)=4311.896499999999832652974874D0
	U(6)=0.000000000046392792000000D0
	U(7)=4886.833999999999832652974874D0
	U(8)=0.000000000030819791000000D0
	U(9)=1116.603800000000092040863819D0
	U(10)=-0.000000000004469636000000D0
	U(11)=0.000373426270000000004156D0
	U(12)=-0.000000000000000001896660D0
	U(13)=0.000159984480000000011584D0
	U(14)=-0.000000000000000000957617D0
