	U(1)=-86.895308999999997467966750D0
	U(2)=-41.395488999999997759005055D0
	U(3)=-63.565468000000002746219252D0
	U(4)=-0.000000000000161352960000D0
	U(5)=200.907100000000014006218407D0
	U(6)=-0.000000000000090492589000D0
	U(7)=403.504180000000019390427042D0
	U(8)=0.000000000001519698200000D0
	U(9)=102.004879999999999995452526D0
	U(10)=-0.000000000000487463910000D0
	U(11)=0.695703570000000048878519D0
	U(12)=0.000000000000003574692500D0
	U(13)=0.301062490000000015921700D0
	U(14)=0.000000000000001816888200D0
