	U(1)=-92.924721000000005233232514D0
	U(2)=-27.489385999999999654619387D0
	U(3)=-240.236629999999991014192346D0
	U(4)=-0.000000000001683911300000D0
	U(5)=677.565370000000029904185794D0
	U(6)=0.000000000001578288800000D0
	U(7)=1031.625000000000000000000000D0
	U(8)=-0.000000000013567227000000D0
	U(9)=165.753659999999996443875716D0
	U(10)=0.000000000000844998120000D0
	U(11)=0.055055603000000001567837D0
	U(12)=-0.000000000000000205414410D0
	U(13)=0.044744766999999997791893D0
	U(14)=-0.000000000000000205212940D0
