	U(1)=-107.928860000000000241016096D0
	U(2)=-54.710093999999998004568624D0
	U(3)=-487.602109999999981937435223D0
	U(4)=-0.000000000000029510408000D0
	U(5)=115.575169999999999959072738D0
	U(6)=0.000000000000440483800000D0
	U(7)=995.184809999999970386852510D0
	U(8)=-0.000000000000059669737000D0
	U(9)=165.835739999999987048795447D0
	U(10)=0.000000000001563888700000D0
	U(11)=0.000000647864060000000043D0
	U(12)=0.000000000000000000003518D0
	U(13)=0.000000455403210000000012D0
	U(14)=0.000000000000000000001758D0
