	U(1)=-78.189667000000000030013325D0
	U(2)=-33.267226999999998326984496D0
	U(3)=-596.071410000000014406396076D0
	U(4)=-0.000000000006690645900000D0
	U(5)=1355.509000000000014551915228D0
	U(6)=0.000000000013617696000000D0
	U(7)=1696.080099999999902138370089D0
	U(8)=-0.000000000005151038400000D0
	U(9)=268.188660000000027139321901D0
	U(10)=-0.000000000001619845500000D0
	U(11)=0.000183817379999999991379D0
	U(12)=0.000000000000000001291368D0
	U(13)=0.000138512139999999987381D0
	U(14)=0.000000000000000001353141D0
