	U(1)=-134.776170000000007576090866D0
	U(2)=-58.301231000000001358785084D0
	U(3)=-2602.512700000000222644302994D0
	U(4)=-0.000000000007038958800000D0
	U(5)=2928.911599999999907595338300D0
	U(6)=-0.000000000017915747000000D0
	U(7)=472.018399999999985539034242D0
	U(8)=0.000000000001885773900000D0
	U(9)=332.044860000000028321665013D0
	U(10)=0.000000000000487155510000D0
	U(11)=0.000000001297489100000000D0
	U(12)=-0.000000000000000000000007D0
	U(13)=0.000000001153609100000000D0
	U(14)=-0.000000000000000000000007D0
