	U(1)=-110.904709999999994352037902D0
	U(2)=-47.975208000000002073193173D0
	U(3)=-141.850110000000000809450285D0
	U(4)=-0.000000000000022719860000D0
	U(5)=124.830150000000003274180926D0
	U(6)=-0.000000000000494589290000D0
	U(7)=977.905089999999972860678099D0
	U(8)=0.000000000000129066100000D0
	U(9)=284.695620000000019444996724D0
	U(10)=-0.000000000001001098200000D0
	U(11)=0.000091604612000000006696D0
	U(12)=-0.000000000000000000464912D0
	U(13)=0.000120416229999999996173D0
	U(14)=-0.000000000000000000459806D0
