	U(1)=-94.678405999999995401594788D0
	U(2)=-27.543708999999999775809556D0
	U(3)=-1008.480099999999993087840267D0
	U(4)=-0.000000000006812138100000D0
	U(5)=2049.786599999999907595338300D0
	U(6)=-0.000000000027250703000000D0
	U(7)=4944.887200000000120780896395D0
	U(8)=-0.000000000054494163000000D0
	U(9)=913.595519999999964966264088D0
	U(10)=0.000000000003301187900000D0
	U(11)=0.004872817500000000377758D0
	U(12)=-0.000000000000000050734213D0
	U(13)=0.002484758899999999978703D0
	U(14)=-0.000000000000000025578363D0
