	U(1)=-77.385895000000004984030966D0
	U(2)=-41.180782000000000664385880D0
	U(3)=-354.729159999999978936102707D0
	U(4)=0.000000000001715723200000D0
	U(5)=463.577969999999993433448253D0
	U(6)=-0.000000000002810705700000D0
	U(7)=818.709839999999985593603924D0
	U(8)=-0.000000000003524423800000D0
	U(9)=208.062229999999999563442543D0
	U(10)=-0.000000000000935717540000D0
	U(11)=0.101633929999999997328963D0
	U(12)=0.000000000000000509082790D0
	U(13)=0.056807182999999997208285D0
	U(14)=0.000000000000000253993660D0
