	U(1)=-82.190567000000001485204848D0
	U(2)=-42.859569999999997946815711D0
	U(3)=-202.383819999999985839167493D0
	U(4)=-0.000000000088424469000000D0
	U(5)=301.080539999999984956957633D0
	U(6)=-0.000001331745599999999918D0
	U(7)=1521.449699999999893407220952D0
	U(8)=-0.000000000170676530000000D0
	U(9)=344.174500000000023192114895D0
	U(10)=-0.000000238476869999999977D0
	U(11)=0.012650226000000000525780D0
	U(12)=0.000000000000936226140000D0
	U(13)=0.003629931900000000176421D0
	U(14)=0.000000000000268647080000D0
