	U(1)=-119.039510000000007039488992D0
	U(2)=-55.684581999999998913608579D0
	U(3)=-807.818729999999959545675665D0
	U(4)=-0.000000000000396071250000D0
	U(5)=382.739750000000015006662579D0
	U(6)=0.000000000002057729000000D0
	U(7)=1609.253300000000081126927398D0
	U(8)=-0.000000000003019130300000D0
	U(9)=843.347110000000043328327592D0
	U(10)=-0.000000000000108122760000D0
	U(11)=0.000000009029485600000000D0
	U(12)=0.000000000000000000000071D0
	U(13)=0.000000002236351500000000D0
	U(14)=0.000000000000000000000018D0
