	U(1)=-80.155724000000006412847142D0
	U(2)=-41.191688999999996667611413D0
	U(3)=-638.634159999999951651261654D0
	U(4)=-0.000000000005096966300000D0
	U(5)=148.534930000000002792148734D0
	U(6)=-0.000000000001045125600000D0
	U(7)=3811.572000000000116415321827D0
	U(8)=0.000000000015213277000000D0
	U(9)=596.218139999999948486220092D0
	U(10)=-0.000000000004622215400000D0
	U(11)=0.084606543000000006271577D0
	U(12)=-0.000000000000000557379970D0
	U(13)=0.050170368999999999382045D0
	U(14)=-0.000000000000000273144540D0
