	U(1)=-86.978324999999998112798494D0
	U(2)=-18.670718999999998288785719D0
	U(3)=-127.168829999999999813553586D0
	U(4)=-0.000000000000849814250000D0
	U(5)=545.784120000000029904185794D0
	U(6)=-0.000000000006813803400000D0
	U(7)=5253.958999999999832652974874D0
	U(8)=-0.000000000054464395000000D0
	U(9)=148.570390000000003283275873D0
	U(10)=0.000000000000844825730000D0
	U(11)=0.031766623000000000776044D0
	U(12)=-0.000000000000000405635710D0
	U(13)=0.020217821000000000403185D0
	U(14)=-0.000000000000000198656190D0
