	U(1)=-76.244872999999998341991159D0
	U(2)=-50.416820999999998775820131D0
	U(3)=-143.958220000000011395968613D0
	U(4)=0.000000000000218602850000D0
	U(5)=871.359190000000012332748156D0
	U(6)=0.000000000004461678900000D0
	U(7)=2188.957800000000133877620101D0
	U(8)=0.000000000015365664000000D0
	U(9)=601.231379999999944629962556D0
	U(10)=-0.000000000004525147600000D0
	U(11)=0.281584080000000014365469D0
	U(12)=-0.000000000000002257107300D0
	U(13)=0.157331599999999988126476D0
	U(14)=-0.000000000000001121015800D0
