	U(1)=-88.706474000000000046384230D0
	U(2)=-49.493603000000000236013875D0
	U(3)=-71.867187999999998737621354D0
	U(4)=0.000000000000131973020000D0
	U(5)=1530.785499999999956344254315D0
	U(6)=0.000000000010727180000000D0
	U(7)=1191.441399999999930514604785D0
	U(8)=-0.000000000001939254100000D0
	U(9)=340.420439999999985047907103D0
	U(10)=-0.000000000001591211400000D0
	U(11)=0.000023525907000000000334D0
	U(12)=0.000000000000000000101613D0
	U(13)=0.000015596976000000000947D0
	U(14)=0.000000000000000000106507D0
