	U(1)=-90.709502999999997996383172D0
	U(2)=-52.610717999999998539806256D0
	U(3)=-102.650390000000001577973308D0
	U(4)=-0.000000000000010012439000D0
	U(5)=494.738429999999993924575392D0
	U(6)=0.000000000002061963000000D0
	U(7)=985.205990000000042527972255D0
	U(8)=0.000000000001617788300000D0
	U(9)=291.896509999999977935658535D0
	U(10)=0.000000000000009090597300D0
	U(11)=0.108343469999999997277484D0
	U(12)=-0.000000000000000477939880D0
	U(13)=0.050821312000000000430600D0
	U(14)=-0.000000000000000241633540D0
