	U(1)=-93.603424000000003957211447D0
	U(2)=-46.593277000000000498403097D0
	U(3)=-241.722109999999986484908732D0
	U(4)=0.000000000000839690620000D0
	U(5)=1467.734699999999975261744112D0
	U(6)=0.000000000008049605300000D0
	U(7)=2868.180199999999786086846143D0
	U(8)=0.000000000001129373600000D0
	U(9)=310.066469999999981155269779D0
	U(10)=-0.000000000000956982970000D0
	U(11)=0.000255047840000000003956D0
	U(12)=0.000000000000000002091500D0
	U(13)=0.000126833969999999996835D0
	U(14)=0.000000000000000001053179D0
