	U(1)=-99.670685000000005970832717D0
	U(2)=-44.944522999999996670794644D0
	U(3)=-1385.787199999999984356691130D0
	U(4)=-0.000000000004685947400000D0
	U(5)=3492.720499999999901774572209D0
	U(6)=-0.000000000023460942000000D0
	U(7)=2035.789899999999988722265698D0
	U(8)=-0.000000000010745119000000D0
	U(9)=415.334960000000023683242034D0
	U(10)=0.000000000001295979500000D0
	U(11)=0.001308902700000000047381D0
	U(12)=0.000000000000000007405256D0
	U(13)=0.000747559999999999977988D0
	U(14)=0.000000000000000003623337D0
