	U(1)=-83.324554000000006226400728D0
	U(2)=-53.190041000000000792624633D0
	U(3)=-184.150970000000000936779543D0
	U(4)=0.000000000000184151430000D0
	U(5)=256.410860000000013769749785D0
	U(6)=-0.000000000002373736200000D0
	U(7)=740.021060000000034051481634D0
	U(8)=0.000000000001363301900000D0
	U(9)=185.339629999999999654392013D0
	U(10)=-0.000000000001703539000000D0
	U(11)=0.101196449999999993352162D0
	U(12)=0.000000000000000444233420D0
	U(13)=0.046708397999999998195797D0
	U(14)=0.000000000000000227924790D0
