	U(1)=-102.700819999999993115125108D0
	U(2)=-44.840480999999996924998413D0
	U(3)=-614.113039999999955398379825D0
	U(4)=0.000000000003063117500000D0
	U(5)=867.930539999999950850906316D0
	U(6)=0.000000000005540947900000D0
	U(7)=2867.517600000000129512045532D0
	U(8)=0.000000000014902588000000D0
	U(9)=1176.527599999999893043423072D0
	U(10)=-0.000000000009920813300000D0
	U(11)=0.000379237459999999992812D0
	U(12)=-0.000000000000000001855625D0
	U(13)=0.000480320709999999991002D0
	U(14)=-0.000000000000000001840107D0
