	U(1)=-94.027878000000001179614628D0
	U(2)=-40.311751999999998474777385D0
	U(3)=-1217.735599999999976716935635D0
	U(4)=-0.000000000004703801200000D0
	U(5)=1150.306599999999889405444264D0
	U(6)=-0.000000000013091630000000D0
	U(7)=1958.169300000000021100277081D0
	U(8)=-0.000000000001755594500000D0
	U(9)=289.575100000000020372681320D0
	U(10)=0.000000000001732714000000D0
	U(11)=0.006525058799999999652186D0
	U(12)=-0.000000000000000025105094D0
	U(13)=0.001606389599999999938384D0
	U(14)=-0.000000000000000006144179D0
