	U(1)=-100.619450000000000500222086D0
	U(2)=-56.856921999999997296981746D0
	U(3)=-641.510859999999979663698468D0
	U(4)=0.000000000001335701500000D0
	U(5)=639.268620000000055370037444D0
	U(6)=-0.000000000004113656500000D0
	U(7)=1400.285200000000031650415622D0
	U(8)=0.000000000003109173100000D0
	U(9)=541.738830000000007203198038D0
	U(10)=-0.000000000000048450610000D0
	U(11)=0.000003825892700000000281D0
	U(12)=-0.000000000000000000030042D0
	U(13)=0.000002145961599999999908D0
	U(14)=-0.000000000000000000014894D0
