	U(1)=-99.653366000000005442416295D0
	U(2)=-47.188876999999997963186615D0
	U(3)=-1179.759399999999914143700153D0
	U(4)=-0.000000000013524205000000D0
	U(5)=1287.711700000000064392224886D0
	U(6)=-0.000000000012271193000000D0
	U(7)=1429.999000000000023646862246D0
	U(8)=-0.000000000013568608000000D0
	U(9)=339.916870000000017171259969D0
	U(10)=-0.000000000002973543100000D0
	U(11)=0.009262922200000000758080D0
	U(12)=-0.000000000000000051540221D0
	U(13)=0.006864788000000000139922D0
	U(14)=-0.000000000000000025761007D0
