	U(1)=-88.208267000000006419213605D0
	U(2)=-48.022086999999999079591362D0
	U(3)=-1709.772099999999909414327703D0
	U(4)=0.000000000000598456450000D0
	U(5)=761.318179999999983920133673D0
	U(6)=-0.000000000004570898300000D0
	U(7)=1069.838700000000017098500393D0
	U(8)=0.000000000000492850610000D0
	U(9)=240.612459999999998672137735D0
	U(10)=-0.000000000001302749900000D0
	U(11)=0.001812778500000000085970D0
	U(12)=-0.000000000000000009751444D0
	U(13)=0.000515812080000000046896D0
	U(14)=-0.000000000000000005421556D0
