	U(1)=-86.863822999999996454789652D0
	U(2)=-39.318344000000003291006578D0
	U(3)=-150.557369999999991705408320D0
	U(4)=-0.000000000001698092700000D0
	U(5)=2411.587599999999838473740965D0
	U(6)=0.000000000016238743000000D0
	U(7)=5288.859400000000277941580862D0
	U(8)=-0.000000000054536459000000D0
	U(9)=558.314820000000054278643802D0
	U(10)=0.000000000004106087000000D0
	U(11)=0.001381319900000000083090D0
	U(12)=-0.000000000000000005198914D0
	U(13)=0.000524865810000000026364D0
	U(14)=-0.000000000000000002625658D0
