	U(1)=-86.197158999999999196006684D0
	U(2)=-49.017001999999997963186615D0
	U(3)=-518.992679999999950268829707D0
	U(4)=-0.000000000003963518700000D0
	U(5)=379.345340000000021518644644D0
	U(6)=-0.000000000001997240500000D0
	U(7)=3595.138699999999971623765305D0
	U(8)=-0.000000000005022802100000D0
	U(9)=453.217559999999991759978002D0
	U(10)=-0.000000000003343905000000D0
	U(11)=0.093811258999999994068197D0
	U(12)=-0.000000000000000543592870D0
	U(13)=0.056616611999999996718280D0
	U(14)=-0.000000000000000264541570D0
