	U(1)=-91.872069999999993683559296D0
	U(2)=-50.297015999999999280589691D0
	U(3)=-334.177860000000009677023627D0
	U(4)=-0.000000000003396435900000D0
	U(5)=1183.617700000000013460521586D0
	U(6)=0.000000000010331496000000D0
	U(7)=1729.524799999999913779902272D0
	U(8)=-0.000000000013502562000000D0
	U(9)=486.140199999999992996890796D0
	U(10)=0.000000000003103784800000D0
	U(11)=0.002789360900000000149934D0
	U(12)=-0.000000000000000012950566D0
	U(13)=0.001463027800000000046635D0
	U(14)=-0.000000000000000006475281D0
