	U(1)=-82.045569999999997889972292D0
	U(2)=-49.814270000000000493400876D0
	U(3)=-497.627040000000022246240405D0
	U(4)=-0.000000000000029472125000D0
	U(5)=260.902339999999981046130415D0
	U(6)=0.000000000001911667700000D0
	U(7)=649.580929999999966639734339D0
	U(8)=0.000000000000217770300000D0
	U(9)=194.419489999999996143742464D0
	U(10)=0.000000000001316762500000D0
	U(11)=0.019277961999999999181954D0
	U(12)=0.000000000000000205340570D0
	U(13)=0.010980656000000000097061D0
	U(14)=0.000000000000000090941421D0
