	U(1)=-92.213408999999998627572495D0
	U(2)=-50.217044999999998822204361D0
	U(3)=-790.152649999999994179233909D0
	U(4)=0.000000000000905827170000D0
	U(5)=216.160339999999990823198459D0
	U(6)=0.000000000001003163800000D0
	U(7)=1396.687699999999949795892462D0
	U(8)=0.000000000000000000000000D0
	U(9)=467.423679999999990286596585D0
	U(10)=0.000000000002472952200000D0
	U(11)=0.000000094952887999999994D0
	U(12)=0.000000000000000000000444D0
	U(13)=0.000000044646146000000002D0
	U(14)=0.000000000000000000000222D0
