	U(1)=-97.315192999999993617166183D0
	U(2)=-47.136642000000001928583515D0
	U(3)=-376.466799999999977899278747D0
	U(4)=-0.000000000003343106800000D0
	U(5)=1087.955799999999953797669150D0
	U(6)=-0.000000000012049805000000D0
	U(7)=1653.501999999999952706275508D0
	U(8)=-0.000000000013557707000000D0
	U(9)=452.304599999999993542587617D0
	U(10)=-0.000000000003120370700000D0
	U(11)=0.000538595599999999990332D0
	U(12)=-0.000000000000000003214305D0
	U(13)=0.000236104230000000003906D0
	U(14)=-0.000000000000000000803891D0
