	U(1)=-88.149474999999995361577021D0
	U(2)=-41.185833000000002357410267D0
	U(3)=-1083.439699999999902502167970D0
	U(4)=0.000000000001997449500000D0
	U(5)=1597.574800000000095678842627D0
	U(6)=-0.000000000009214443400000D0
	U(7)=3541.561999999999898136593401D0
	U(8)=-0.000000000012308971000000D0
	U(9)=953.350459999999998217390385D0
	U(10)=-0.000000000001588133900000D0
	U(11)=0.017358451999999999909585D0
	U(12)=-0.000000000000000138729740D0
	U(13)=0.009610815899999999856185D0
	U(14)=-0.000000000000000066466053D0
