	U(1)=-77.074898000000004572029866D0
	U(2)=-44.863200999999996554379322D0
	U(3)=-427.554140000000018062564777D0
	U(4)=0.000000000000126551180000D0
	U(5)=442.538389999999992596713128D0
	U(6)=-0.000000000001949649400000D0
	U(7)=1504.986300000000028376234695D0
	U(8)=0.000000000001559068600000D0
	U(9)=580.361940000000004147295840D0
	U(10)=-0.000000000000873434410000D0
	U(11)=0.241359400000000001718092D0
	U(12)=-0.000000000000001323094500D0
	U(13)=0.234893679999999993590620D0
	U(14)=-0.000000000000001359502100D0
