	U(1)=-88.341330999999996720362105D0
	U(2)=-42.660992000000000246018317D0
	U(3)=-129.085019999999985884642228D0
	U(4)=0.000000000000115775860000D0
	U(5)=394.243229999999982737790560D0
	U(6)=-0.000000000002221950500000D0
	U(7)=2785.984100000000125874066725D0
	U(8)=-0.000000000013468558000000D0
	U(9)=562.222530000000006111804396D0
	U(10)=-0.000000000002914551800000D0
	U(11)=0.030533721999999999252573D0
	U(12)=0.000000000000000144376340D0
	U(13)=0.018554494000000001235895D0
	U(14)=0.000000000000000182156960D0
