	U(1)=-86.300178999999999973624654D0
	U(2)=-54.930714000000001817625161D0
	U(3)=-715.997799999999983810994308D0
	U(4)=-0.000000000001101501700000D0
	U(5)=1284.382100000000036743585952D0
	U(6)=-0.000000000012777518000000D0
	U(7)=929.502079999999978099367581D0
	U(8)=0.000000000000800693770000D0
	U(9)=599.170780000000036125129554D0
	U(10)=0.000000000001000965200000D0
	U(11)=0.000000000213126930000000D0
	U(12)=0.000000000000000000000001D0
	U(13)=0.000000000094094524000000D0
	U(14)=0.000000000000000000000000D0
