	U(1)=-77.008362000000005309630069D0
	U(2)=-52.007762999999997077793523D0
	U(3)=-366.353970000000003892637324D0
	U(4)=0.000000000001303890300000D0
	U(5)=1724.770500000000083673512563D0
	U(6)=0.000000000008037718900000D0
	U(7)=1077.580699999999978899722919D0
	U(8)=0.000000000005884686800000D0
	U(9)=563.612610000000017862475943D0
	U(10)=0.000000000001565409500000D0
	U(11)=0.018601406000000000884320D0
	U(12)=-0.000000000000000069121594D0
	U(13)=0.011233378000000000460079D0
	U(14)=-0.000000000000000033456107D0
