	U(1)=-101.148480000000006384652806D0
	U(2)=-18.840557000000000442696546D0
	U(3)=-247.936610000000001718944986D0
	U(4)=-0.000000000001690102700000D0
	U(5)=404.885589999999979227141012D0
	U(6)=-0.000000000003405051000000D0
	U(7)=4815.645999999999730789568275D0
	U(8)=-0.000000000054528750000000D0
	U(9)=286.078669999999988249328453D0
	U(10)=0.000000000001688817400000D0
	U(11)=0.003105794499999999999651D0
	U(12)=-0.000000000000000024116896D0
	U(13)=0.003013395500000000046259D0
	U(14)=-0.000000000000000024300745D0
