	U(1)=-75.909362999999999033207132D0
	U(2)=-53.160992000000000246018317D0
	U(3)=-306.743560000000002219167072D0
	U(4)=-0.000000000000468191300000D0
	U(5)=525.267939999999953215592541D0
	U(6)=-0.000000000004053131500000D0
	U(7)=1232.595299999999951978679746D0
	U(8)=-0.000000000000317569000000D0
	U(9)=545.964230000000043219188228D0
	U(10)=-0.000000000005023701500000D0
	U(11)=0.127888520000000005527596D0
	U(12)=-0.000000000000001164452200D0
	U(13)=0.058288731000000003346084D0
	U(14)=-0.000000000000000270072930D0
