	U(1)=-100.013149999999995998223312D0
	U(2)=-50.022666999999998438397597D0
	U(3)=-475.872740000000021609594114D0
	U(4)=-0.000000000002162779300000D0
	U(5)=196.688320000000004483808880D0
	U(6)=0.000000000001022044400000D0
	U(7)=8968.371100000000296859070659D0
	U(8)=0.000000000036990948000000D0
	U(9)=2290.933599999999842111719772D0
	U(10)=-0.000000000017724362000000D0
	U(11)=0.000217849039999999996835D0
	U(12)=0.000000000000000000962633D0
	U(13)=0.000105555030000000003680D0
	U(14)=0.000000000000000000482383D0
