	U(1)=-97.783287000000001398802851D0
	U(2)=-52.759903000000001327407517D0
	U(3)=-194.121630000000010340954759D0
	U(4)=-0.000000000000270837470000D0
	U(5)=328.983339999999998326529749D0
	U(6)=0.000000000001990532500000D0
	U(7)=1046.462500000000090949470177D0
	U(8)=-0.000000000003742481200000D0
	U(9)=261.288940000000025065673981D0
	U(10)=0.000000000000180682410000D0
	U(11)=0.010404503000000000709213D0
	U(12)=0.000000000000000068744301D0
	U(13)=0.005110407200000000038642D0
	U(14)=0.000000000000000034483545D0
