	U(1)=-153.894519999999999981810106D0
	U(2)=-52.173405000000002473825589D0
	U(3)=-225.780429999999995516191120D0
	U(4)=-0.000000000001278059300000D0
	U(5)=127.994510000000005334186426D0
	U(6)=0.000000000000495156600000D0
	U(7)=3340.336400000000139698386192D0
	U(8)=-0.000000000018417210000000D0
	U(9)=775.483699999999998908606358D0
	U(10)=0.000000000000000354407000D0
	U(11)=0.000000000000715056430000D0
	U(12)=0.000000000000000000000000D0
	U(13)=0.000000000000437216480000D0
	U(14)=0.000000000000000000000000D0
