	U(1)=-88.662880000000001246007741D0
	U(2)=-52.965778000000000247382559D0
	U(3)=-69.605247000000005641595635D0
	U(4)=-0.000000000000158188620000D0
	U(5)=321.136750000000006366462912D0
	U(6)=0.000000000002088746900000D0
	U(7)=1949.704500000000052750692703D0
	U(8)=-0.000000000004148369100000D0
	U(9)=779.716249999999945430317894D0
	U(10)=0.000000000000031248377000D0
	U(11)=0.011624769999999999547935D0
	U(12)=-0.000000000000000057669854D0
	U(13)=0.008419763300000000783019D0
	U(14)=-0.000000000000000061552045D0
