	U(1)=-88.630225999999993291567080D0
	U(2)=-47.794659000000002890828910D0
	U(3)=-1167.128200000000106228981167D0
	U(4)=-0.000000000001421311900000D0
	U(5)=730.177119999999945321178529D0
	U(6)=0.000000000001543125000000D0
	U(7)=1041.764200000000073487171903D0
	U(8)=0.000000000000192562040000D0
	U(9)=200.951690000000013469616533D0
	U(10)=0.000000000000694310930000D0
	U(11)=0.000063213846999999996298D0
	U(12)=0.000000000000000000519938D0
	U(13)=0.000020695733999999998726D0
	U(14)=0.000000000000000000124708D0
