	U(1)=-234.100660000000004856701707D0
	U(2)=-52.177573999999999898591341D0
	U(3)=-958.577760000000012041709851D0
	U(4)=-0.000000000006717293800000D0
	U(5)=194.470810000000000172803993D0
	U(6)=0.000000000000997410050000D0
	U(7)=3145.473399999999855936039239D0
	U(8)=-0.000000000027226114000000D0
	U(9)=556.408689999999978681444190D0
	U(10)=0.000000000005359176600000D0
	U(11)=0.000000000000000000000000D0
	U(12)=-0.000000000000000000000000D0
	U(13)=0.000000000000000000000000D0
	U(14)=-0.000000000000000000000000D0
