	U(1)=-100.270859999999998990460881D0
	U(2)=-45.694957999999999742612999D0
	U(3)=-355.847080000000005384208634D0
	U(4)=-0.000000000000296882720000D0
	U(5)=438.971799999999973351805238D0
	U(6)=-0.000000000002083899900000D0
	U(7)=1380.517900000000054205884226D0
	U(8)=-0.000000000004643488700000D0
	U(9)=217.971920000000011441443348D0
	U(10)=0.000000000001200202300000D0
	U(11)=0.000060460344999999997534D0
	U(12)=0.000000000000000000244074D0
	U(13)=0.000042084094999999998774D0
	U(14)=0.000000000000000000245078D0
