	U(1)=-103.119550000000003819877747D0
	U(2)=-42.562171999999996785390977D0
	U(3)=-1323.227100000000064028427005D0
	U(4)=-0.000000000002479092900000D0
	U(5)=2524.099099999999907595338300D0
	U(6)=0.000000000018603058000000D0
	U(7)=1152.331100000000105865183286D0
	U(8)=-0.000000000009319967500000D0
	U(9)=328.994750000000010459189070D0
	U(10)=-0.000000000000185562530000D0
	U(11)=0.000493422500000000041620D0
	U(12)=0.000000000000000003891340D0
	U(13)=0.000363026429999999979397D0
	U(14)=0.000000000000000001925091D0
