	U(1)=-101.169979999999995357029547D0
	U(2)=-56.062420000000003028617357D0
	U(3)=-809.807739999999967039912008D0
	U(4)=-0.000000000000305592630000D0
	U(5)=299.478520000000003165041562D0
	U(6)=0.000000000002029201500000D0
	U(7)=2086.666700000000219006324187D0
	U(8)=0.000000000005500082600000D0
	U(9)=765.182800000000042928149924D0
	U(10)=-0.000000000000168212340000D0
	U(11)=0.001138410199999999924264D0
	U(12)=0.000000000000000008718600D0
	U(13)=0.001165466700000000006485D0
	U(14)=0.000000000000000008707999D0
