	U(1)=-81.132560999999995487996785D0
	U(2)=-42.481440999999996677161107D0
	U(3)=-778.375729999999975916580297D0
	U(4)=-0.000000000001516504900000D0
	U(5)=536.242190000000050531525631D0
	U(6)=-0.000000000004077047700000D0
	U(7)=3031.697299999999813735485077D0
	U(8)=0.000000000011375838000000D0
	U(9)=331.841670000000021900632419D0
	U(10)=-0.000000000001232746300000D0
	U(11)=0.003710171400000000091479D0
	U(12)=-0.000000000000000015106857D0
	U(13)=0.002605029799999999864241D0
	U(14)=-0.000000000000000015327142D0
