	U(1)=-97.840301999999994109202817D0
	U(2)=-55.946041000000001019998308D0
	U(3)=-689.476260000000024774635676D0
	U(4)=-0.000000000002950285200000D0
	U(5)=1172.721099999999978535925038D0
	U(6)=-0.000000000007938135400000D0
	U(7)=1605.326900000000023283064365D0
	U(8)=-0.000000000004488145500000D0
	U(9)=289.851679999999987558112480D0
	U(10)=-0.000000000003004418100000D0
	U(11)=0.000004365717399999999991D0
	U(12)=-0.000000000000000000029934D0
	U(13)=0.000001205120300000000063D0
	U(14)=-0.000000000000000000007418D0
