	U(1)=-86.152771000000001322405296D0
	U(2)=-49.482779999999998210569174D0
	U(3)=-152.584000000000003183231456D0
	U(4)=-0.000000000000645588020000D0
	U(5)=339.839170000000024174369173D0
	U(6)=0.000000000002196665200000D0
	U(7)=2467.495800000000144791556522D0
	U(8)=0.000000000002713436700000D0
	U(9)=637.212400000000002364686225D0
	U(10)=-0.000000000000335241760000D0
	U(11)=0.053842745999999996886487D0
	U(12)=0.000000000000000357463200D0
	U(13)=0.043536595999999996853269D0
	U(14)=0.000000000000000350324650D0
