	U(1)=-83.523482999999998810380930D0
	U(2)=-46.140689999999999315605237D0
	U(3)=-139.748790000000013833414414D0
	U(4)=-0.000000000000547551320000D0
	U(5)=1132.445600000000013096723706D0
	U(6)=-0.000000000008031369000000D0
	U(7)=3952.970699999999851570464671D0
	U(8)=-0.000000000014960710000000D0
	U(9)=1078.369599999999991268850863D0
	U(10)=-0.000000000008287455800000D0
	U(11)=1.609162800000000004274625D0
	U(12)=-0.000000000000012134084000D0
	U(13)=0.571749509999999960818684D0
	U(14)=-0.000000000000006326327300D0
