	U(1)=-106.867689999999996075530362D0
	U(2)=-45.844307000000000584805093D0
	U(3)=-700.740480000000047766661737D0
	U(4)=0.000000000003777536400000D0
	U(5)=1130.439900000000079671735875D0
	U(6)=0.000000000010740968000000D0
	U(7)=2129.112500000000181898940355D0
	U(8)=0.000000000018513557000000D0
	U(9)=557.760930000000030304363463D0
	U(10)=-0.000000000003601891800000D0
	U(11)=0.000000014546199999999999D0
	U(12)=-0.000000000000000000000055D0
	U(13)=0.000000007553306400000000D0
	U(14)=-0.000000000000000000000055D0
