	U(1)=-80.588142000000004827597877D0
	U(2)=-41.802391000000000076397555D0
	U(3)=-257.257999999999981355358614D0
	U(4)=0.000000000002944149700000D0
	U(5)=1376.498399999999946885509416D0
	U(6)=-0.000000000009329808600000D0
	U(7)=6758.065899999999601277522743D0
	U(8)=-0.000000000006939616800000D0
	U(9)=2016.195600000000013096723706D0
	U(10)=-0.000000000001529484700000D0
	U(11)=0.000753632220000000053149D0
	U(12)=0.000000000000000002653258D0
	U(13)=0.000367727949999999983131D0
	U(14)=0.000000000000000001363804D0
