	U(1)=-89.670081999999993627170625D0
	U(2)=-46.468746000000002993601811D0
	U(3)=-307.570280000000025211193133D0
	U(4)=-0.000000000000776275470000D0
	U(5)=1581.923299999999926512828097D0
	U(6)=-0.000000000008641281300000D0
	U(7)=7744.242699999999786086846143D0
	U(8)=0.000000000002469802800000D0
	U(9)=1318.576900000000023283064365D0
	U(10)=-0.000000000008451253600000D0
	U(11)=0.080257579999999995035154D0
	U(12)=-0.000000000000000566764040D0
	U(13)=0.047638803999999999871928D0
	U(14)=-0.000000000000000280548160D0
