	U(1)=-121.517610000000004788489605D0
	U(2)=-13.380760999999999683041096D0
	U(3)=-496.464170000000024174369173D0
	U(4)=-0.000000000003358896500000D0
	U(5)=88.289658000000002857632353D0
	U(6)=-0.000000000000848945910000D0
	U(7)=1678.971999999999979991116561D0
	U(8)=-0.000000000013546273000000D0
	U(9)=116.242570000000000618456397D0
	U(10)=0.000000000000421835200000D0
	U(11)=0.000000209449130000000007D0
	U(12)=-0.000000000000000000001110D0
	U(13)=0.000000145654439999999996D0
	U(14)=-0.000000000000000000001108D0
