	U(1)=-97.225784000000004425601219D0
	U(2)=-51.397582999999997355189407D0
	U(3)=-108.821420000000003369677870D0
	U(4)=0.000000000000460409920000D0
	U(5)=445.124729999999999563442543D0
	U(6)=0.000000000002078038700000D0
	U(7)=2050.451199999999971623765305D0
	U(8)=-0.000000000013223261000000D0
	U(9)=268.274600000000020827428671D0
	U(10)=0.000000000000286292090000D0
	U(11)=0.001095756200000000098529D0
	U(12)=-0.000000000000000007496331D0
	U(13)=0.000639471919999999973208D0
	U(14)=-0.000000000000000003724350D0
