	U(1)=-100.595240000000003988134267D0
	U(2)=-37.635367999999999710780685D0
	U(3)=-773.699399999999968713382259D0
	U(4)=0.000000000006730015900000D0
	U(5)=1055.670499999999947249307297D0
	U(6)=-0.000000000013472582000000D0
	U(7)=1598.770099999999956708052196D0
	U(8)=0.000000000013387349000000D0
	U(9)=299.219020000000000436557457D0
	U(10)=0.000000000000070822668000D0
	U(11)=0.000792511910000000025130D0
	U(12)=-0.000000000000000003989036D0
	U(13)=0.001140101500000000088811D0
	U(14)=-0.000000000000000008324409D0
