	U(1)=-91.945205999999998880412022D0
	U(2)=-46.694972999999997398390406D0
	U(3)=-414.549410000000023046595743D0
	U(4)=0.000000000000656675450000D0
	U(5)=1076.904500000000098225427791D0
	U(6)=-0.000000000011243690000000D0
	U(7)=3129.814699999999902502167970D0
	U(8)=-0.000000000007316936100000D0
	U(9)=400.306429999999977553670760D0
	U(10)=0.000000000001282078500000D0
	U(11)=0.000019111394000000001626D0
	U(12)=0.000000000000000000117917D0
	U(13)=0.000006757930400000000291D0
	U(14)=0.000000000000000000029109D0
