	U(1)=-89.558837999999994394784153D0
	U(2)=-29.333386999999998323573891D0
	U(3)=-482.721679999999992105585989D0
	U(4)=-0.000000000003392583700000D0
	U(5)=110.717020000000005097717803D0
	U(6)=-0.000000000000847491730000D0
	U(7)=1162.226599999999962165020406D0
	U(8)=-0.000000000013622547000000D0
	U(9)=109.961709999999996512087819D0
	U(10)=0.000000000000420489410000D0
	U(11)=0.000005350439999999999886D0
	U(12)=-0.000000000000000000047854D0
	U(13)=0.000001975287699999999811D0
	U(14)=-0.000000000000000000024394D0
