	U(1)=-80.321952999999993494384398D0
	U(2)=-56.314056000000000778982212D0
	U(3)=-271.943879999999978736013873D0
	U(4)=0.000000000000035390795000D0
	U(5)=478.659119999999973060766933D0
	U(6)=0.000000000002065066000000D0
	U(7)=1330.776399999999966894392855D0
	U(8)=-0.000000000005064638800000D0
	U(9)=506.406650000000013278622646D0
	U(10)=0.000000000001160238600000D0
	U(11)=0.549551490000000031344030D0
	U(12)=-0.000000000000003814877600D0
	U(13)=0.320740040000000004027925D0
	U(14)=-0.000000000000001798663900D0
