	U(1)=-91.506186999999997055965650D0
	U(2)=-45.863846000000002334218152D0
	U(3)=-890.302490000000034342519939D0
	U(4)=0.000000000000437444050000D0
	U(5)=407.413850000000024920154829D0
	U(6)=0.000000000002025983100000D0
	U(7)=1473.715899999999919600668363D0
	U(8)=-0.000000000001661288900000D0
	U(9)=427.779719999999997526174411D0
	U(10)=0.000000000002384585800000D0
	U(11)=0.001599941199999999974848D0
	U(12)=0.000000000000000007504836D0
	U(13)=0.001243409999999999914627D0
	U(14)=0.000000000000000007585822D0
