	U(1)=-83.930305000000004156390787D0
	U(2)=-29.221185999999999438614395D0
	U(3)=-89.943641999999996983206074D0
	U(4)=-0.000000000000848922770000D0
	U(5)=549.101559999999949468474369D0
	U(6)=-0.000000000006814664300000D0
	U(7)=3449.993899999999939609551802D0
	U(8)=-0.000000000027230331000000D0
	U(9)=422.442259999999976116669131D0
	U(10)=-0.000000000003129696400000D0
	U(11)=0.038129392999999997537763D0
	U(12)=-0.000000000000000206619540D0
	U(13)=0.022700220000000000120099D0
	U(14)=-0.000000000000000103293690D0
