	U(1)=-85.989891000000000076397555D0
	U(2)=-26.834707000000001642092684D0
	U(3)=-263.211299999999994270183379D0
	U(4)=-0.000000000003407335400000D0
	U(5)=3201.065200000000004365574569D0
	U(6)=-0.000000000027252277000000D0
	U(7)=7677.575700000000324507709593D0
	U(8)=-0.000000000054549910000000D0
	U(9)=751.518069999999966057657730D0
	U(10)=0.000000000003322951300000D0
	U(11)=0.382740939999999973952782D0
	U(12)=-0.000000000000003247330100D0
	U(13)=0.155455110000000007453025D0
	U(14)=-0.000000000000001645772000D0
