	U(1)=-96.269440000000003010427463D0
	U(2)=-46.460388000000001795797289D0
	U(3)=-81.792693999999997345184966D0
	U(4)=0.000000000000128037110000D0
	U(5)=229.943330000000003110471880D0
	U(6)=0.000000000001126126300000D0
	U(7)=4792.630400000000008731149137D0
	U(8)=-0.000000000041687979000000D0
	U(9)=915.311220000000048457877710D0
	U(10)=0.000000000001526217800000D0
	U(11)=0.015873934999999998740616D0
	U(12)=0.000000000000000139754940D0
	U(13)=0.011288506999999999708129D0
	U(14)=0.000000000000000067093275D0
