	U(1)=-102.543530000000004065441317D0
	U(2)=-49.959698000000003048626240D0
	U(3)=-391.987919999999974152160576D0
	U(4)=-0.000000000000914848380000D0
	U(5)=791.110840000000052896211855D0
	U(6)=0.000000000004551579600000D0
	U(7)=1195.605999999999994543031789D0
	U(8)=0.000000000005436341900000D0
	U(9)=280.856260000000020227162167D0
	U(10)=0.000000000001669784100000D0
	U(11)=0.001305315200000000102482D0
	U(12)=-0.000000000000000007497095D0
	U(13)=0.000562982340000000008179D0
	U(14)=-0.000000000000000003779154D0
