	U(1)=-82.694884999999999308784027D0
	U(2)=-53.786048999999998443399818D0
	U(3)=-918.229979999999954998202156D0
	U(4)=-0.000000000000118780380000D0
	U(5)=936.787289999999984502210282D0
	U(6)=0.000000000003932102000000D0
	U(7)=1935.973099999999931242200546D0
	U(8)=0.000000000002044191400000D0
	U(9)=801.266300000000001091393642D0
	U(10)=0.000000000003783830000000D0
	U(11)=0.035763171000000003318942D0
	U(12)=0.000000000000000257127920D0
	U(13)=0.015802197000000000465247D0
	U(14)=0.000000000000000130537930D0
