	U(1)=-105.373500000000007048583939D0
	U(2)=-49.021996000000001458829502D0
	U(3)=-561.677000000000020918378141D0
	U(4)=-0.000000000000000000000000D0
	U(5)=1521.037100000000009458744898D0
	U(6)=-0.000000000009033090200000D0
	U(7)=899.640380000000050131347962D0
	U(8)=0.000000000000674945610000D0
	U(9)=413.911530000000027484929888D0
	U(10)=-0.000000000003338378800000D0
	U(11)=0.001072129999999999914670D0
	U(12)=-0.000000000000000008753047D0
	U(13)=0.000439287889999999978195D0
	U(14)=-0.000000000000000002052057D0
