	U(1)=-79.300597999999993703568180D0
	U(2)=-41.645851000000000396994437D0
	U(3)=-396.042910000000006220943760D0
	U(4)=-0.000000000003386585900000D0
	U(5)=1119.503500000000030922819860D0
	U(6)=0.000000000005107221900000D0
	U(7)=7670.284700000000157160684466D0
	U(8)=0.000000000015430256000000D0
	U(9)=1133.728399999999965075403452D0
	U(10)=-0.000000000008626935100000D0
	U(11)=0.012761836999999999833766D0
	U(12)=-0.000000000000000069216396D0
	U(13)=0.002961310600000000188559D0
	U(14)=-0.000000000000000017424977D0
