	U(1)=-115.843270000000003960849426D0
	U(2)=-47.849350000000001159605745D0
	U(3)=-282.654969999999991614458850D0
	U(4)=-0.000000000000313744990000D0
	U(5)=260.114170000000001437001629D0
	U(6)=-0.000000000002088421700000D0
	U(7)=925.038509999999973842932377D0
	U(8)=-0.000000000000031470859000D0
	U(9)=258.487979999999993196979631D0
	U(10)=-0.000000000003129795500000D0
	U(11)=0.000000026429912000000001D0
	U(12)=-0.000000000000000000000112D0
	U(13)=0.000000010263118000000000D0
	U(14)=-0.000000000000000000000056D0
