	U(1)=-118.880139999999997257873474D0
	U(2)=-41.721107000000003495188139D0
	U(3)=-722.458369999999945321178529D0
	U(4)=-0.000000000006802699000000D0
	U(5)=697.410830000000032669049688D0
	U(6)=-0.000000000006528949700000D0
	U(7)=2220.453899999999975989339873D0
	U(8)=-0.000000000022893238000000D0
	U(9)=815.695309999999949468474369D0
	U(10)=0.000000000003047472400000D0
	U(11)=0.000000002670871300000000D0
	U(12)=-0.000000000000000000000009D0
	U(13)=0.000000000780682690000000D0
	U(14)=-0.000000000000000000000002D0
