	U(1)=-103.644490000000004670255294D0
	U(2)=-42.212443999999997856775735D0
	U(3)=-1492.508199999999987994669937D0
	U(4)=-0.000000000009326969800000D0
	U(5)=422.155910000000005766196409D0
	U(6)=0.000000000002540307600000D0
	U(7)=3814.908699999999953433871269D0
	U(8)=-0.000000000015761073000000D0
	U(9)=741.623109999999996944097802D0
	U(10)=0.000000000000071320513000D0
	U(11)=0.000167801389999999988212D0
	U(12)=0.000000000000000000938757D0
	U(13)=0.000085126310000000005918D0
	U(14)=0.000000000000000000469379D0
