	U(1)=-102.178569999999993456185621D0
	U(2)=-43.263869999999997162376530D0
	U(3)=-2951.920200000000022555468604D0
	U(4)=-0.000000000011456405000000D0
	U(5)=1613.438599999999951251083985D0
	U(6)=0.000000000009223303500000D0
	U(7)=3064.519499999999879946699366D0
	U(8)=-0.000000000016034772000000D0
	U(9)=343.391630000000020572770154D0
	U(10)=0.000000000000307730050000D0
	U(11)=0.000241731989999999994896D0
	U(12)=0.000000000000000000946812D0
	U(13)=0.000107165049999999998135D0
	U(14)=0.000000000000000000473526D0
