	U(1)=-89.217421999999999115971150D0
	U(2)=-48.822369000000001904027158D0
	U(3)=-367.477080000000000836735126D0
	U(4)=0.000000000001516599700000D0
	U(5)=544.626650000000040563463699D0
	U(6)=0.000000000004637918500000D0
	U(7)=1590.592399999999997817212716D0
	U(8)=0.000000000000894507070000D0
	U(9)=353.950409999999976662365953D0
	U(10)=-0.000000000001929527900000D0
	U(11)=0.037575044000000001886974D0
	U(12)=-0.000000000000000259586460D0
	U(13)=0.026350496000000001028951D0
	U(14)=-0.000000000000000126099910D0
