	U(1)=-77.785842999999999847204890D0
	U(2)=-44.518715000000000259205990D0
	U(3)=-247.065599999999989222487784D0
	U(4)=-0.000000000000332849550000D0
	U(5)=292.194270000000017262209440D0
	U(6)=0.000000000002168719000000D0
	U(7)=4196.398900000000139698386192D0
	U(8)=0.000000000029196579000000D0
	U(9)=956.058350000000018553691916D0
	U(10)=0.000000000001260127100000D0
	U(11)=0.004823859800000000058740D0
	U(12)=0.000000000000000002844802D0
	U(13)=0.002873506400000000200051D0
	U(14)=0.000000000000000004853037D0
