	U(1)=-100.612690000000000623003871D0
	U(2)=-48.579459999999997421582520D0
	U(3)=-483.348180000000013478711480D0
	U(4)=0.000000000001406493500000D0
	U(5)=229.690509999999989076968632D0
	U(6)=0.000000000001038246600000D0
	U(7)=1100.961299999999937426764518D0
	U(8)=0.000000000000143263620000D0
	U(9)=184.667589999999989913703757D0
	U(10)=0.000000000001087641300000D0
	U(11)=0.000000762917980000000036D0
	U(12)=0.000000000000000000003716D0
	U(13)=0.000000280967439999999985D0
	U(14)=0.000000000000000000001895D0
