	U(1)=-98.413978999999997654413164D0
	U(2)=-40.591579000000002963588486D0
	U(3)=-385.757999999999981355358614D0
	U(4)=-0.000000000003396646700000D0
	U(5)=443.549530000000004292814992D0
	U(6)=-0.000000000003009453100000D0
	U(7)=2635.179200000000037107383832D0
	U(8)=-0.000000000027173434000000D0
	U(9)=477.516779999999982919689501D0
	U(10)=0.000000000001273961300000D0
	U(11)=0.001889235699999999981355D0
	U(12)=-0.000000000000000006419483D0
	U(13)=0.001300773700000000098614D0
	U(14)=-0.000000000000000006435788D0
