	U(1)=-87.349541000000002100023266D0
	U(2)=-35.111305000000001541593520D0
	U(3)=-349.516270000000019990693545D0
	U(4)=0.000000000003389041400000D0
	U(5)=730.879149999999981446308084D0
	U(6)=0.000000000006743931800000D0
	U(7)=2195.774199999999837018549442D0
	U(8)=0.000000000027148428000000D0
	U(9)=366.635739999999998417479219D0
	U(10)=0.000000000000083558689000D0
	U(11)=0.010056040000000000464442D0
	U(12)=0.000000000000000091429405D0
	U(13)=0.008350879900000000161109D0
	U(14)=0.000000000000000093292976D0
