	U(1)=-91.421768000000000142790668D0
	U(2)=-52.048186999999998647581378D0
	U(3)=-414.458680000000015297700884D0
	U(4)=-0.000000000000583554800000D0
	U(5)=35.088802000000001157786755D0
	U(6)=0.000000000000225927880000D0
	U(7)=1195.288000000000010913936421D0
	U(8)=-0.000000000005462699700000D0
	U(9)=559.867740000000026157067623D0
	U(10)=0.000000000006360077400000D0
	U(11)=0.005291151800000000286761D0
	U(12)=0.000000000000000028862363D0
	U(13)=0.003176587399999999949962D0
	U(14)=0.000000000000000014360608D0
