	U(1)=-96.814780999999996424776327D0
	U(2)=-52.769008999999996945007297D0
	U(3)=-566.852290000000039071892388D0
	U(4)=-0.000000000000378686070000D0
	U(5)=1041.318600000000060390448198D0
	U(6)=0.000000000007945817600000D0
	U(7)=1963.782600000000002182787284D0
	U(8)=0.000000000003003917200000D0
	U(9)=591.764220000000022992026061D0
	U(10)=0.000000000006098229600000D0
	U(11)=0.024054194000000000963624D0
	U(12)=0.000000000000000118755710D0
	U(13)=0.014922767999999999449789D0
	U(14)=0.000000000000000059025842D0
