	U(1)=-88.350975000000005366018740D0
	U(2)=-50.792735999999997886789060D0
	U(3)=-385.529850000000010368239600D0
	U(4)=-0.000000000003401350600000D0
	U(5)=521.594789999999989049683791D0
	U(6)=0.000000000004168743900000D0
	U(7)=974.864010000000007494236343D0
	U(8)=-0.000000000006340087300000D0
	U(9)=148.176070000000009940777090D0
	U(10)=0.000000000000000000693664D0
	U(11)=0.113361139999999999128377D0
	U(12)=-0.000000000000000450313210D0
	U(13)=0.085749722999999999917264D0
	U(14)=-0.000000000000000397671220D0
