	U(1)=-83.630150000000000432009983D0
	U(2)=-55.019558000000003517016012D0
	U(3)=-119.602119999999999322426447D0
	U(4)=-0.000000000000135817210000D0
	U(5)=440.358729999999980009306455D0
	U(6)=-0.000000000002107124400000D0
	U(7)=1352.258399999999937790562399D0
	U(8)=-0.000000000000150724460000D0
	U(9)=607.065489999999954306986183D0
	U(10)=-0.000000000002636706800000D0
	U(11)=0.019245747000000000548336D0
	U(12)=0.000000000000000128927350D0
	U(13)=0.007291173599999999956067D0
	U(14)=0.000000000000000032447897D0
