	U(1)=-192.851010000000002264641807D0
	U(2)=-28.039874999999998550492819D0
	U(3)=-427.324490000000025702320272D0
	U(4)=-0.000000000001718902400000D0
	U(5)=147.353820000000013124008547D0
	U(6)=-0.000000000001690924500000D0
	U(7)=2131.378700000000208092387766D0
	U(8)=0.000000000013399679000000D0
	U(9)=194.911059999999991987351677D0
	U(10)=0.000000000000845098350000D0
	U(11)=0.000000000000026568849000D0
	U(12)=-0.000000000000000000000000D0
	U(13)=0.000000000000014117520000D0
	U(14)=-0.000000000000000000000000D0
