	U(1)=-75.737555999999997879967850D0
	U(2)=-47.245167000000002133219823D0
	U(3)=-235.427140000000008512870409D0
	U(4)=0.000000000000508331390000D0
	U(5)=758.946720000000027539499570D0
	U(6)=0.000000000003955133100000D0
	U(7)=2243.730500000000120053300634D0
	U(8)=-0.000000000007689677000000D0
	U(9)=679.447139999999990322976373D0
	U(10)=0.000000000005600072900000D0
	U(11)=0.147055089999999999417213D0
	U(12)=0.000000000000001388699900D0
	U(13)=0.093289046999999999942865D0
	U(14)=0.000000000000000703387700D0
