	U(1)=-97.233161999999992985976860D0
	U(2)=-53.514724999999998544808477D0
	U(3)=-2038.794599999999945794115774D0
	U(4)=0.000000000004065907300000D0
	U(5)=1160.908400000000028740032576D0
	U(6)=0.000000000007800108600000D0
	U(7)=1475.300300000000106592779048D0
	U(8)=0.000000000004132752700000D0
	U(9)=836.317260000000032960087992D0
	U(10)=0.000000000006599798000000D0
	U(11)=0.000102407710000000006173D0
	U(12)=0.000000000000000000456287D0
	U(13)=0.000045189287999999998302D0
	U(14)=0.000000000000000000228168D0
