	U(1)=-84.550514000000006831214705D0
	U(2)=-52.649417999999997164195520D0
	U(3)=-150.313080000000013569660950D0
	U(4)=-0.000000000000636151450000D0
	U(5)=1565.794799999999895590008236D0
	U(6)=0.000000000008191359900000D0
	U(7)=3221.432899999999790452420712D0
	U(8)=-0.000000000017664304000000D0
	U(9)=1169.331400000000030559021980D0
	U(10)=0.000000000013253560000000D0
	U(11)=0.680982349999999958534147D0
	U(12)=-0.000000000000004182954500D0
	U(13)=0.502170259999999979427798D0
	U(14)=-0.000000000000005094441100D0
