	U(1)=-92.821053000000006250047591D0
	U(2)=-39.244751000000000829004421D0
	U(3)=-968.481199999999944338924251D0
	U(4)=-0.000000000001295803400000D0
	U(5)=2619.020500000000083673512563D0
	U(6)=0.000000000018504429000000D0
	U(7)=2955.061799999999948340700939D0
	U(8)=0.000000000010355114000000D0
	U(9)=155.799970000000001846274245D0
	U(10)=-0.000000000000032177420000D0
	U(11)=0.004516347799999999822196D0
	U(12)=0.000000000000000033066155D0
	U(13)=0.002535992800000000206573D0
	U(14)=0.000000000000000016614621D0
