	U(1)=-127.598849999999998772182153D0
	U(2)=-17.817719000000000306727088D0
	U(3)=-529.774170000000026448105928D0
	U(4)=-0.000000000006817794200000D0
	U(5)=353.909789999999986775947036D0
	U(6)=-0.000000000003394166500000D0
	U(7)=3716.239500000000134605215862D0
	U(8)=-0.000000000027200273000000D0
	U(9)=71.619133000000005040419637D0
	U(10)=0.000000000000422911190000D0
	U(11)=0.000000024128393999999999D0
	U(12)=-0.000000000000000000000098D0
	U(13)=0.000000005631083600000000D0
	U(14)=-0.000000000000000000000024D0
