	U(1)=-139.618480000000005247784429D0
	U(2)=-46.601695999999996899987309D0
	U(3)=-145.050829999999990604919731D0
	U(4)=-0.000000000001699039600000D0
	U(5)=119.571110000000004447429092D0
	U(6)=-0.000000000000507776550000D0
	U(7)=1372.276599999999916690285318D0
	U(8)=-0.000000000013635399000000D0
	U(9)=383.420169999999984611349646D0
	U(10)=0.000000000000547311000000D0
	U(11)=0.000000000000200390350000D0
	U(12)=-0.000000000000000000000000D0
	U(13)=0.000000000000100695520000D0
	U(14)=-0.000000000000000000000000D0
