	U(1)=-79.767357000000004063622328D0
	U(2)=-43.475833999999998980001692D0
	U(3)=-355.028259999999988849594956D0
	U(4)=0.000000000000384989920000D0
	U(5)=477.981989999999996143742464D0
	U(6)=-0.000000000001893430300000D0
	U(7)=586.269589999999993779056240D0
	U(8)=0.000000000000904857680000D0
	U(9)=161.017989999999997507984517D0
	U(10)=-0.000000000001563447200000D0
	U(11)=0.097012572000000005245646D0
	U(12)=-0.000000000000000607588640D0
	U(13)=0.097795725000000000015632D0
	U(14)=-0.000000000000000604696820D0
