	U(1)=-79.395759999999995670805220D0
	U(2)=-47.006863000000002728029358D0
	U(3)=-196.748919999999998253770173D0
	U(4)=0.000000000001695156700000D0
	U(5)=1347.039600000000064028427005D0
	U(6)=-0.000000000007453256800000D0
	U(7)=1060.650000000000090949470177D0
	U(8)=0.000000000013599354000000D0
	U(9)=371.704130000000020572770154D0
	U(10)=-0.000000000003116787200000D0
	U(11)=0.175547389999999997600710D0
	U(12)=0.000000000000000820420280D0
	U(13)=0.094875239000000000100243D0
	U(14)=0.000000000000000409972150D0
