	U(1)=-93.114243000000001870830602D0
	U(2)=-47.280799999999999272404239D0
	U(3)=-1017.601900000000000545696821D0
	U(4)=-0.000000000000968726180000D0
	U(5)=1372.738900000000057843863033D0
	U(6)=-0.000000000009322979900000D0
	U(7)=3452.500700000000051659299061D0
	U(8)=-0.000000000015189228000000D0
	U(9)=416.694059999999979027052177D0
	U(10)=0.000000000000928398310000D0
	U(11)=0.043224181999999999881368D0
	U(12)=-0.000000000000000270723300D0
	U(13)=0.022173208999999999280206D0
	U(14)=-0.000000000000000133930230D0
