	U(1)=-77.531593000000000870386430D0
	U(2)=-55.547966000000002395609044D0
	U(3)=-496.938510000000007948983693D0
	U(4)=-0.000000000000921818720000D0
	U(5)=572.651430000000004838511813D0
	U(6)=-0.000000000004153588900000D0
	U(7)=2950.934799999999995634425431D0
	U(8)=0.000000000012102117000000D0
	U(9)=1601.807900000000017826096155D0
	U(10)=0.000000000005292431400000D0
	U(11)=0.403441249999999973496756D0
	U(12)=0.000000000000002301631400D0
	U(13)=0.202435900000000001952571D0
	U(14)=0.000000000000001150796200D0
