	U(1)=-254.879520000000013624230633D0
	U(2)=-55.136318000000002825800038D0
	U(3)=-3234.946500000000014551915228D0
	U(4)=-0.000000000013638921000000D0
	U(5)=687.166929999999979372660164D0
	U(6)=0.000000000004601006200000D0
	U(7)=1454.292400000000043291947804D0
	U(8)=-0.000000000013462422000000D0
	U(9)=442.257540000000005875335773D0
	U(10)=0.000000000001228105600000D0
	U(11)=0.000000000000000000000000D0
	U(12)=0.000000000000000000000000D0
	U(13)=0.000000000000000000000000D0
	U(14)=0.000000000000000000000000D0
