	U(1)=-86.610557999999997491613613D0
	U(2)=-48.841239999999999099600245D0
	U(3)=-105.274730000000005247784429D0
	U(4)=0.000000000000244961490000D0
	U(5)=207.646119999999996252881829D0
	U(6)=0.000000000000971491230000D0
	U(7)=1331.165600000000040381564759D0
	U(8)=0.000000000000989014100000D0
	U(9)=274.628660000000024865585146D0
	U(10)=0.000000000003185618700000D0
	U(11)=0.044820178000000002183079D0
	U(12)=-0.000000000000000213626710D0
	U(13)=0.025066466999999998527260D0
	U(14)=-0.000000000000000103587590D0
