	U(1)=-96.300094999999998890416464D0
	U(2)=-37.908115000000002225988283D0
	U(3)=-311.917820000000006075424608D0
	U(4)=-0.000000000003388915200000D0
	U(5)=421.063229999999975916580297D0
	U(6)=0.000000000003089333700000D0
	U(7)=2468.553699999999935243977234D0
	U(8)=-0.000000000027120096000000D0
	U(9)=181.276700000000005275069270D0
	U(10)=0.000000000000703687490000D0
	U(11)=0.000155206130000000013533D0
	U(12)=0.000000000000000000926426D0
	U(13)=0.000064484861999999999239D0
	U(14)=0.000000000000000000466237D0
