	U(1)=-78.822577999999992925950210D0
	U(2)=-57.484493000000000506588549D0
	U(3)=-956.335270000000036816345528D0
	U(4)=-0.000000000000550891800000D0
	U(5)=612.805659999999988940544426D0
	U(6)=0.000000000004214539300000D0
	U(7)=511.590730000000007748894859D0
	U(8)=-0.000000000000388632210000D0
	U(9)=381.962890000000015788828023D0
	U(10)=0.000000000001365609700000D0
	U(11)=0.002556944700000000035567D0
	U(12)=0.000000000000000015234192D0
	U(13)=0.000716764310000000005180D0
	U(14)=0.000000000000000003776101D0
