	U(1)=-92.632384999999999308784027D0
	U(2)=-55.718273000000003492004907D0
	U(3)=-518.842899999999985993781593D0
	U(4)=-0.000000000003343785300000D0
	U(5)=1343.361900000000105137587525D0
	U(6)=0.000000000013539532000000D0
	U(7)=1366.325399999999945066520013D0
	U(8)=0.000000000006628201000000D0
	U(9)=823.626160000000027139321901D0
	U(10)=-0.000000000000142955590000D0
	U(11)=0.000805743969999999959559D0
	U(12)=-0.000000000000000003862218D0
	U(13)=0.000935936520000000041729D0
	U(14)=-0.000000000000000003817464D0
