	U(1)=-83.381065000000006648406270D0
	U(2)=-46.209156000000000119598553D0
	U(3)=-586.337040000000001782609615D0
	U(4)=-0.000000000000175570710000D0
	U(5)=316.840239999999994324753061D0
	U(6)=-0.000000000002045291200000D0
	U(7)=1669.429000000000087311491370D0
	U(8)=-0.000000000000717158000000D0
	U(9)=368.145660000000020772858988D0
	U(10)=-0.000000000002139009000000D0
	U(11)=0.000046576114999999997145D0
	U(12)=-0.000000000000000000241637D0
	U(13)=0.000025116564000000000918D0
	U(14)=-0.000000000000000000120153D0
