	U(1)=-106.616380000000006589289114D0
	U(2)=-54.346049999999998192379280D0
	U(3)=-134.012360000000001036823960D0
	U(4)=0.000000000000309931660000D0
	U(5)=249.696319999999985839167493D0
	U(6)=-0.000000000001020511600000D0
	U(7)=890.887079999999969004420564D0
	U(8)=-0.000000000002526129500000D0
	U(9)=323.215179999999975279934006D0
	U(10)=-0.000000000000780833300000D0
	U(11)=0.000000097489881000000000D0
	U(12)=-0.000000000000000000000501D0
	U(13)=0.000000047711881999999999D0
	U(14)=-0.000000000000000000000251D0
