	U(1)=-90.311806000000004246430763D0
	U(2)=-55.919975000000000875388650D0
	U(3)=-258.460719999999980700522428D0
	U(4)=-0.000000000000098758316000D0
	U(5)=274.259700000000009367795428D0
	U(6)=0.000000000002016966500000D0
	U(7)=1285.422399999999925057636574D0
	U(8)=0.000000000000714587620000D0
	U(9)=331.200440000000014606484910D0
	U(10)=0.000000000003299987900000D0
	U(11)=0.018769080000000000485461D0
	U(12)=0.000000000000000133818690D0
	U(13)=0.005536253599999999865100D0
	U(14)=0.000000000000000032752693D0
