	U(1)=-74.886313999999998713974492D0
	U(2)=-27.083480999999999028204911D0
	U(3)=-149.217909999999989167918102D0
	U(4)=-0.000000000001692138700000D0
	U(5)=357.834409999999991214281181D0
	U(6)=-0.000000000003400902600000D0
	U(7)=1869.865600000000085856299847D0
	U(8)=-0.000000000013639289000000D0
	U(9)=188.163769999999999527062755D0
	U(10)=0.000000000000844379470000D0
	U(11)=0.421325920000000020415598D0
	U(12)=-0.000000000000003141442100D0
	U(13)=0.156980339999999995992397D0
	U(14)=-0.000000000000001585392300D0
