	U(1)=-131.612580000000008340066415D0
	U(2)=-30.055085999999999302190190D0
	U(3)=-119.310460000000006175469025D0
	U(4)=-0.000000000000850228690000D0
	U(5)=144.471020000000009986251825D0
	U(6)=-0.000000000001105312800000D0
	U(7)=1466.890599999999949432094581D0
	U(8)=-0.000000000013524756000000D0
	U(9)=68.534569000000004734829417D0
	U(10)=0.000000000000176504820000D0
	U(11)=0.000000000000004441067900D0
	U(12)=-0.000000000000000000000000D0
	U(13)=0.000000000000003144138900D0
	U(14)=-0.000000000000000000000000D0
