	U(1)=-83.160293999999993275196175D0
	U(2)=-50.376292999999996879978426D0
	U(3)=-85.668671000000003346031008D0
	U(4)=-0.000000000000189813100000D0
	U(5)=185.934230000000013660610421D0
	U(6)=-0.000000000001091213500000D0
	U(7)=933.284120000000029904185794D0
	U(8)=-0.000000000000773944930000D0
	U(9)=276.707339999999987867340678D0
	U(10)=-0.000000000001900346400000D0
	U(11)=0.616309340000000038806149D0
	U(12)=0.000000000000000621536630D0
	U(13)=0.377210529999999988337578D0
	U(14)=0.000000000000000180574850D0
