	U(1)=-80.541175999999992995981302D0
	U(2)=-58.124943000000001802618499D0
	U(3)=-189.236570000000000391082722D0
	U(4)=-0.000000000000074903679000D0
	U(5)=273.247189999999989140633261D0
	U(6)=-0.000000000002055737300000D0
	U(7)=323.861109999999996489350451D0
	U(8)=0.000000000000246388770000D0
	U(9)=167.069170000000013942553778D0
	U(10)=-0.000000000001654957600000D0
	U(11)=0.300284739999999994441993D0
	U(12)=-0.000000000000002776470500D0
	U(13)=0.319983039999999996361169D0
	U(14)=-0.000000000000002712674000D0
