	U(1)=-83.585205000000001973603503D0
	U(2)=-32.910876999999999270585249D0
	U(3)=-1133.903399999999919600668363D0
	U(4)=-0.000000000013601500000000D0
	U(5)=414.858490000000017516867956D0
	U(6)=-0.000000000003386534800000D0
	U(7)=1042.151599999999916690285318D0
	U(8)=-0.000000000013593591000000D0
	U(9)=186.593089999999989458956406D0
	U(10)=0.000000000000843114100000D0
	U(11)=0.049609939999999998205826D0
	U(12)=-0.000000000000000299117850D0
	U(13)=0.015613494000000000330730D0
	U(14)=-0.000000000000000074703475D0
