	U(1)=-103.311419999999998253770173D0
	U(2)=-52.471668000000001086391421D0
	U(3)=-186.082930000000004611138138D0
	U(4)=-0.000000000000030980379000D0
	U(5)=137.577439999999995734469849D0
	U(6)=-0.000000000001006567300000D0
	U(7)=482.529359999999996944097802D0
	U(8)=0.000000000000460872230000D0
	U(9)=138.592009999999987712726579D0
	U(10)=-0.000000000001186670600000D0
	U(11)=0.001593749599999999978089D0
	U(12)=-0.000000000000000007266992D0
	U(13)=0.001246724000000000052643D0
	U(14)=-0.000000000000000007325000D0
