	U(1)=-85.496986000000006811205822D0
	U(2)=-44.158470000000001220996637D0
	U(3)=-225.459789999999998144630808D0
	U(4)=0.000000000000116467680000D0
	U(5)=1390.264499999999998181010596D0
	U(6)=0.000000000008743150300000D0
	U(7)=3064.936499999999796273186803D0
	U(8)=0.000000000012307306000000D0
	U(9)=334.403810000000021318555810D0
	U(10)=-0.000000000001630421100000D0
	U(11)=0.000027103856999999998833D0
	U(12)=-0.000000000000000000091035D0
	U(13)=0.000012233434000000000143D0
	U(14)=-0.000000000000000000047260D0
