	U(1)=-90.085280999999994833160599D0
	U(2)=-47.494205000000000893578544D0
	U(3)=-233.771189999999990050127963D0
	U(4)=-0.000000000000843490320000D0
	U(5)=918.286929999999983920133673D0
	U(6)=0.000000000003816353500000D0
	U(7)=1631.827999999999974534148350D0
	U(8)=-0.000000000000723847960000D0
	U(9)=240.406450000000006639311323D0
	U(10)=0.000000000001439353700000D0
	U(11)=0.099674187999999996900868D0
	U(12)=0.000000000000000124775350D0
	U(13)=0.063842751000000003136492D0
	U(14)=0.000000000000000001048828D0
