	U(1)=-341.981809999999995852704160D0
	U(2)=-53.412326999999997667600837D0
	U(3)=-320.943359999999984211171977D0
	U(4)=-0.000000000001688144400000D0
	U(5)=52.046138999999996599399310D0
	U(6)=0.000000000000248626780000D0
	U(7)=1513.411700000000109866959974D0
	U(8)=0.000000000006777506900000D0
	U(9)=443.460359999999980118445819D0
	U(10)=0.000000000003354132300000D0
	U(11)=0.000000000000000000000000D0
	U(12)=0.000000000000000000000000D0
	U(13)=0.000000000000000000000000D0
	U(14)=0.000000000000000000000000D0
