	U(1)=-93.791327999999992925950210D0
	U(2)=-51.764640999999997461600287D0
	U(3)=-969.975459999999998217390385D0
	U(4)=-0.000000000001875288100000D0
	U(5)=2050.711200000000189902493730D0
	U(6)=-0.000000000018437748000000D0
	U(7)=3092.126200000000153522705659D0
	U(8)=-0.000000000004842565600000D0
	U(9)=599.737610000000017862475943D0
	U(10)=-0.000000000005583962100000D0
	U(11)=0.001310059699999999941605D0
	U(12)=-0.000000000000000007924431D0
	U(13)=0.001668949000000000083485D0
	U(14)=-0.000000000000000007792394D0
