	U(1)=-120.412090000000006284608389D0
	U(2)=-59.257049999999999556621333D0
	U(3)=-896.142579999999952633515932D0
	U(4)=-0.000000000006728169200000D0
	U(5)=721.452700000000049840309657D0
	U(6)=-0.000000000004741763400000D0
	U(7)=2784.908399999999801366357133D0
	U(8)=-0.000000000024938114000000D0
	U(9)=474.037199999999984356691130D0
	U(10)=-0.000000000001954546300000D0
	U(11)=0.000000002984042300000000D0
	U(12)=-0.000000000000000000000016D0
	U(13)=0.000000001164782900000000D0
	U(14)=-0.000000000000000000000008D0
