	U(1)=-91.303794999999993819983501D0
	U(2)=-52.655121000000001174612407D0
	U(3)=-404.451110000000028321665013D0
	U(4)=-0.000000000003377123200000D0
	U(5)=1346.125900000000001455191523D0
	U(6)=0.000000000008680446100000D0
	U(7)=1332.449499999999943611328490D0
	U(8)=-0.000000000013594813000000D0
	U(9)=323.771700000000009822542779D0
	U(10)=0.000000000000785856570000D0
	U(11)=0.000001581051500000000028D0
	U(12)=-0.000000000000000000006259D0
	U(13)=0.000000436564699999999989D0
	U(14)=-0.000000000000000000001565D0
