	U(1)=-82.119675000000000864019967D0
	U(2)=-49.047668000000001597982191D0
	U(3)=-846.430970000000002073647920D0
	U(4)=-0.000000000006806439100000D0
	U(5)=1189.095499999999901774572209D0
	U(6)=-0.000000000013440016000000D0
	U(7)=1292.278600000000096770236269D0
	U(8)=-0.000000000013592277000000D0
	U(9)=487.372040000000026793713914D0
	U(10)=-0.000000000003317984600000D0
	U(11)=0.006731421700000000257758D0
	U(12)=-0.000000000000000025910058D0
	U(13)=0.006792172299999999635078D0
	U(14)=-0.000000000000000025910058D0
