	U(1)=-633.482179999999971187207848D0
	U(2)=-15.610853999999999786041371D0
	U(3)=-876.702149999999960527929943D0
	U(4)=-0.000000000006660508500000D0
	U(5)=95.660888999999997395207174D0
	U(6)=-0.000000000000842790460000D0
	U(7)=6299.617699999999786086846143D0
	U(8)=-0.000000000051257065000000D0
	U(9)=154.796420000000011896190699D0
	U(10)=0.000000000000840065000000D0
	U(11)=0.000000000000000000000000D0
	U(12)=-0.000000000000000000000000D0
	U(13)=0.000000000000000000000000D0
	U(14)=-0.000000000000000000000000D0
