	U(1)=-96.565680999999997879967850D0
	U(2)=-49.911064000000003204604582D0
	U(3)=-1072.355099999999993087840267D0
	U(4)=-0.000000000003219558700000D0
	U(5)=1428.828199999999924330040812D0
	U(6)=0.000000000002257537700000D0
	U(7)=1734.091699999999946157913655D0
	U(8)=-0.000000000002752046600000D0
	U(9)=472.816070000000024720065994D0
	U(10)=0.000000000002475448400000D0
	U(11)=0.017276032000000000193873D0
	U(12)=0.000000000000000132987610D0
	U(13)=0.015332882000000000802253D0
	U(14)=0.000000000000000062754792D0
