	U(1)=-85.068511999999998351995600D0
	U(2)=-38.576557000000001096395863D0
	U(3)=-161.558289999999999508872861D0
	U(4)=-0.000000000001694052200000D0
	U(5)=1034.752099999999927604221739D0
	U(6)=-0.000000000013574700000000D0
	U(7)=4626.534700000000157160684466D0
	U(8)=-0.000000000054501542000000D0
	U(9)=344.885499999999979081621859D0
	U(10)=0.000000000001197501300000D0
	U(11)=0.175521690000000007980674D0
	U(12)=-0.000000000000000835822470D0
	U(13)=0.161414100000000004797585D0
	U(14)=-0.000000000000000835825220D0
