	U(1)=-104.603639999999998622115527D0
	U(2)=-44.120663000000000408817868D0
	U(3)=-302.587829999999996744008968D0
	U(4)=0.000000000000988104130000D0
	U(5)=281.838590000000010604708223D0
	U(6)=-0.000000000002151770300000D0
	U(7)=4711.197299999999813735485077D0
	U(8)=-0.000000000015114113000000D0
	U(9)=839.018130000000041945895646D0
	U(10)=-0.000000000002584965200000D0
	U(11)=0.000714015909999999968949D0
	U(12)=0.000000000000000002057248D0
	U(13)=0.000638785659999999968703D0
	U(14)=0.000000000000000001812205D0
