	U(1)=-89.666015999999999053216015D0
	U(2)=-49.420811000000000490217644D0
	U(3)=-1319.873399999999946885509416D0
	U(4)=0.000000000001682569600000D0
	U(5)=1213.313499999999976353137754D0
	U(6)=0.000000000012971921000000D0
	U(7)=1390.879200000000082582118921D0
	U(8)=-0.000000000000575817440000D0
	U(9)=226.047650000000004411049304D0
	U(10)=0.000000000000303578450000D0
	U(11)=0.001633148799999999904037D0
	U(12)=-0.000000000000000007690520D0
	U(13)=0.000804838079999999999985D0
	U(14)=-0.000000000000000003845150D0
