	U(1)=-87.938193999999995753569237D0
	U(2)=-47.624870000000001368789526D0
	U(3)=-542.974489999999946121533867D0
	U(4)=0.000000000003328932800000D0
	U(5)=2044.227900000000090585672297D0
	U(6)=-0.000000000008234457400000D0
	U(7)=3927.409400000000005093170330D0
	U(8)=-0.000000000000115701430000D0
	U(9)=917.832149999999955980456434D0
	U(10)=-0.000000000005759587700000D0
	U(11)=0.012829781999999999644868D0
	U(12)=-0.000000000000000078954978D0
	U(13)=0.003798007300000000047852D0
	U(14)=-0.000000000000000018445396D0
