	U(1)=-89.433379999999999654392013D0
	U(2)=-45.382313000000003455625119D0
	U(3)=-339.257929999999987558112480D0
	U(4)=0.000000000003386335700000D0
	U(5)=1117.225699999999960709828883D0
	U(6)=0.000000000013620360000000D0
	U(7)=1537.032200000000102591002360D0
	U(8)=0.000000000013554806000000D0
	U(9)=453.546940000000006421032595D0
	U(10)=-0.000000000001215552100000D0
	U(11)=0.011745190000000000837832D0
	U(12)=0.000000000000000100400900D0
	U(13)=0.008688832599999999836693D0
	U(14)=0.000000000000000100071250D0
