	U(1)=-91.516884000000004562025424D0
	U(2)=-49.661987000000003433797247D0
	U(3)=-126.343149999999994292920746D0
	U(4)=0.000000000000051364908000D0
	U(5)=1300.712500000000090949470177D0
	U(6)=-0.000000000008371181400000D0
	U(7)=1024.140100000000074942363426D0
	U(8)=-0.000000000000701561580000D0
	U(9)=400.695530000000019299477572D0
	U(10)=-0.000000000000031010662000D0
	U(11)=0.014142740000000000866187D0
	U(12)=-0.000000000000000072598638D0
	U(13)=0.009047656299999999943151D0
	U(14)=-0.000000000000000022717940D0
