	U(1)=-97.542061000000003900822776D0
	U(2)=-44.704368999999999800820660D0
	U(3)=-617.598569999999995161488187D0
	U(4)=-0.000000000002621694100000D0
	U(5)=2431.490200000000186264514923D0
	U(6)=-0.000000000013370627000000D0
	U(7)=3500.250500000000101863406599D0
	U(8)=-0.000000000008691355800000D0
	U(9)=548.244320000000016079866327D0
	U(10)=-0.000000000000129818610000D0
	U(11)=0.000000001743010100000000D0
	U(12)=0.000000000000000000000007D0
	U(13)=0.000000001415291000000000D0
	U(14)=0.000000000000000000000007D0
