	U(1)=-110.614990000000005920810509D0
	U(2)=-50.089526999999996803580871D0
	U(3)=-675.720640000000003055902198D0
	U(4)=-0.000000000006796784100000D0
	U(5)=446.247619999999983519956004D0
	U(6)=0.000000000002250323800000D0
	U(7)=1282.513899999999921419657767D0
	U(8)=-0.000000000013568302000000D0
	U(9)=321.651490000000023883330869D0
	U(10)=0.000000000000044422135000D0
	U(11)=0.000000000215466460000000D0
	U(12)=-0.000000000000000000000001D0
	U(13)=0.000000000179953800000000D0
	U(14)=-0.000000000000000000000001D0
