	U(1)=-101.385409999999993146957422D0
	U(2)=-50.463763999999997622580850D0
	U(3)=-168.297349999999994452082319D0
	U(4)=0.000000000000402481300000D0
	U(5)=336.097080000000005384208634D0
	U(6)=0.000000000001976605100000D0
	U(7)=1365.209399999999959618435241D0
	U(8)=-0.000000000000736696400000D0
	U(9)=150.998439999999988003764884D0
	U(10)=0.000000000001254735600000D0
	U(11)=0.000295627429999999983157D0
	U(12)=0.000000000000000001913419D0
	U(13)=0.000129034020000000013151D0
	U(14)=0.000000000000000000967669D0
