	U(1)=-103.308269999999993160599843D0
	U(2)=-45.829903000000001611624612D0
	U(3)=-381.908259999999984302121447D0
	U(4)=0.000000000002987023000000D0
	U(5)=635.726139999999986684997566D0
	U(6)=0.000000000003987028200000D0
	U(7)=1237.130499999999983629095368D0
	U(8)=-0.000000000006034309800000D0
	U(9)=135.797239999999987958290149D0
	U(10)=0.000000000001644675800000D0
	U(11)=0.000581590279999999958636D0
	U(12)=0.000000000000000003899891D0
	U(13)=0.000186410750000000010902D0
	U(14)=0.000000000000000000957525D0
