	U(1)=-101.471119999999999095052772D0
	U(2)=-58.410434999999999661213224D0
	U(3)=-645.320010000000024774635676D0
	U(4)=0.000000000001835816900000D0
	U(5)=565.437319999999999708961695D0
	U(6)=0.000000000001918317300000D0
	U(7)=1289.341799999999921055859886D0
	U(8)=-0.000000000005615121600000D0
	U(9)=193.010210000000000718500814D0
	U(10)=0.000000000001061831600000D0
	U(11)=0.000054789033999999999750D0
	U(12)=0.000000000000000000238441D0
	U(13)=0.000037142275999999999460D0
	U(14)=0.000000000000000000243330D0
