	U(1)=-90.588599999999999567990017D0
	U(2)=-29.884651000000001630496627D0
	U(3)=-332.315609999999992396624293D0
	U(4)=-0.000000000003365298900000D0
	U(5)=989.167850000000044019543566D0
	U(6)=0.000000000006781711900000D0
	U(7)=5828.239300000000184809323400D0
	U(8)=-0.000000000054508009000000D0
	U(9)=295.395750000000020918378141D0
	U(10)=-0.000000000001209884100000D0
	U(11)=0.065210074000000006755329D0
	U(12)=-0.000000000000000412051270D0
	U(13)=0.038185011999999997345245D0
	U(14)=-0.000000000000000206021900D0
