	U(1)=-138.463619999999991705408320D0
	U(2)=-55.028759000000000867203198D0
	U(3)=-980.395869999999945321178529D0
	U(4)=0.000000000002870009800000D0
	U(5)=812.468930000000000291038305D0
	U(6)=0.000000000003021871800000D0
	U(7)=1595.701199999999971623765305D0
	U(8)=-0.000000000001669177400000D0
	U(9)=702.406680000000051222741604D0
	U(10)=0.000000000004236108900000D0
	U(11)=0.000000000904665790000000D0
	U(12)=0.000000000000000000000003D0
	U(13)=0.000000000558226020000000D0
	U(14)=0.000000000000000000000004D0
