	U(1)=-74.896545000000003255991032D0
	U(2)=-50.609828999999997733993951D0
	U(3)=-456.104949999999973897502059D0
	U(4)=-0.000000000000305873760000D0
	U(5)=718.536929999999983920133673D0
	U(6)=-0.000000000003032569200000D0
	U(7)=816.259580000000028121576179D0
	U(8)=0.000000000001389909000000D0
	U(9)=396.123440000000016425474314D0
	U(10)=-0.000000000002287697400000D0
	U(11)=0.746999859999999960002981D0
	U(12)=0.000000000000003183443700D0
	U(13)=0.548328579999999954353029D0
	U(14)=0.000000000000003621243700D0
