	U(1)=-95.518142999999994913196133D0
	U(2)=-26.218208000000000623685992D0
	U(3)=-393.365779999999972460500430D0
	U(4)=-0.000000000003395016900000D0
	U(5)=1269.946699999999964347807691D0
	U(6)=-0.000000000013620033000000D0
	U(7)=1067.429799999999886495061219D0
	U(8)=-0.000000000013590237000000D0
	U(9)=107.613399999999998613020580D0
	U(10)=0.000000000000422778920000D0
	U(11)=0.001285963300000000095538D0
	U(12)=-0.000000000000000012811993D0
	U(13)=0.000807146430000000030154D0
	U(14)=-0.000000000000000006395260D0
