	U(1)=-89.076424000000002934029908D0
	U(2)=-32.423327999999997928171069D0
	U(3)=-150.460080000000004929461284D0
	U(4)=-0.000000000001701216100000D0
	U(5)=226.267210000000005720721674D0
	U(6)=-0.000000000001676751100000D0
	U(7)=2204.391399999999975989339873D0
	U(8)=-0.000000000027219593000000D0
	U(9)=292.252810000000010859366739D0
	U(10)=0.000000000001685848800000D0
	U(11)=0.004596608200000000359065D0
	U(12)=-0.000000000000000045073697D0
	U(13)=0.002163607200000000185119D0
	U(14)=-0.000000000000000022692911D0
