	U(1)=-86.382018999999999664396455D0
	U(2)=-54.294071000000002413798939D0
	U(3)=-200.485150000000004411049304D0
	U(4)=0.000000000000470277250000D0
	U(5)=2780.449999999999818101059645D0
	U(6)=-0.000000000016450714000000D0
	U(7)=1140.596999999999979991116561D0
	U(8)=-0.000000000003169943000000D0
	U(9)=165.535349999999993997334968D0
	U(10)=-0.000000000001127420500000D0
	U(11)=0.203221289999999998876490D0
	U(12)=-0.000000000000001518742700D0
	U(13)=0.068798326000000006863466D0
	U(14)=-0.000000000000000778155770D0
