	U(1)=-87.583138000000005263245839D0
	U(2)=-48.759579000000002224624041D0
	U(3)=-157.762190000000003919922165D0
	U(4)=-0.000000000001694744300000D0
	U(5)=1317.438400000000001455191523D0
	U(6)=0.000000000008614885700000D0
	U(7)=2657.740499999999883584678173D0
	U(8)=-0.000000000027271834000000D0
	U(9)=695.812680000000000291038305D0
	U(10)=0.000000000000154797910000D0
	U(11)=0.000002992053599999999938D0
	U(12)=-0.000000000000000000012525D0
	U(13)=0.000001547360500000000074D0
	U(14)=-0.000000000000000000006262D0
