	U(1)=-114.807379999999994879544829D0
	U(2)=-56.435744999999997162376530D0
	U(3)=-103.550479999999993196979631D0
	U(4)=0.000000000000163211440000D0
	U(5)=68.606064000000003488821676D0
	U(6)=-0.000000000000490839250000D0
	U(7)=1430.317900000000008731149137D0
	U(8)=0.000000000003109908200000D0
	U(9)=551.357729999999946812749840D0
	U(10)=-0.000000000005089807900000D0
	U(11)=0.000007925406000000000128D0
	U(12)=-0.000000000000000000056635D0
	U(13)=0.000001917938600000000143D0
	U(14)=-0.000000000000000000014159D0
