	U(1)=-86.933036999999998784005584D0
	U(2)=-55.951160000000001559783414D0
	U(3)=-369.848689999999976407707436D0
	U(4)=-0.000000000000981896310000D0
	U(5)=767.364259999999944739101920D0
	U(6)=0.000000000004131685000000D0
	U(7)=1520.873700000000098953023553D0
	U(8)=-0.000000000003847105800000D0
	U(9)=387.854100000000016734702513D0
	U(10)=0.000000000002575094900000D0
	U(11)=0.003999161499999999945520D0
	U(12)=0.000000000000000033516912D0
	U(13)=0.002098415299999999844571D0
	U(14)=0.000000000000000016714313D0
