	U(1)=-96.341033999999993397977960D0
	U(2)=-43.823211999999998056409822D0
	U(3)=-96.194084000000003698005457D0
	U(4)=-0.000000000000139427860000D0
	U(5)=188.961500000000000909494702D0
	U(6)=-0.000000000001000075900000D0
	U(7)=3742.843299999999999272404239D0
	U(8)=-0.000000000009505666200000D0
	U(9)=486.582339999999987867340678D0
	U(10)=-0.000000000003196186200000D0
	U(11)=0.006920798700000000379384D0
	U(12)=-0.000000000000000030038002D0
	U(13)=0.004538808899999999951769D0
	U(14)=-0.000000000000000030598916D0
