	U(1)=-162.314989999999994552126736D0
	U(2)=-23.672063999999998884504748D0
	U(3)=-865.024229999999988649506122D0
	U(4)=-0.000000000006765992300000D0
	U(5)=359.439729999999997289705789D0
	U(6)=-0.000000000003404994200000D0
	U(7)=6052.358400000000074214767665D0
	U(8)=0.000000000026973935000000D0
	U(9)=161.106629999999995561665855D0
	U(10)=0.000000000000841807420000D0
	U(11)=0.000000000000912782650000D0
	U(12)=-0.000000000000000000000000D0
	U(13)=0.000000000000994041550000D0
	U(14)=-0.000000000000000000000000D0
