	U(1)=-84.777962000000002262822818D0
	U(2)=-22.295815000000001049329512D0
	U(3)=-648.621219999999993888195604D0
	U(4)=-0.000000000006782116500000D0
	U(5)=544.817260000000032960087992D0
	U(6)=-0.000000000006804123700000D0
	U(7)=1955.743699999999989813659340D0
	U(8)=-0.000000000013630799000000D0
	U(9)=161.355259999999987030605553D0
	U(10)=0.000000000000837255290000D0
	U(11)=0.001854869000000000092351D0
	U(12)=-0.000000000000000011917928D0
	U(13)=0.001292948099999999961307D0
	U(14)=-0.000000000000000012202732D0
