	U(1)=-121.064539999999993824530975D0
	U(2)=-25.483906000000001057514964D0
	U(3)=-1456.599600000000009458744898D0
	U(4)=-0.000000000006689418600000D0
	U(5)=500.317630000000008294591680D0
	U(6)=-0.000000000003378741900000D0
	U(7)=2852.626699999999800638761371D0
	U(8)=0.000000000013542994000000D0
	U(9)=71.672882000000001312400855D0
	U(10)=0.000000000000420976350000D0
	U(11)=0.000000000004451758000000D0
	U(12)=-0.000000000000000000000000D0
	U(13)=0.000000000001875906100000D0
	U(14)=-0.000000000000000000000000D0
