	U(1)=-89.360352000000006000846042D0
	U(2)=-47.495212999999999681222107D0
	U(3)=-177.872219999999998663042788D0
	U(4)=-0.000000000000230620540000D0
	U(5)=878.795169999999984611349646D0
	U(6)=-0.000000000003888438200000D0
	U(7)=925.574039999999968131305650D0
	U(8)=-0.000000000002040087100000D0
	U(9)=273.249390000000005329638952D0
	U(10)=-0.000000000003385471400000D0
	U(11)=0.002110190699999999874165D0
	U(12)=-0.000000000000000015141594D0
	U(13)=0.000657375489999999966864D0
	U(14)=-0.000000000000000003758198D0
