	U(1)=-95.279633000000004017238098D0
	U(2)=-45.906548000000000797626853D0
	U(3)=-212.786740000000008876668289D0
	U(4)=-0.000000000001681363900000D0
	U(5)=348.877529999999978826963343D0
	U(6)=-0.000000000002081842300000D0
	U(7)=2054.904500000000098225427791D0
	U(8)=-0.000000000020249793000000D0
	U(9)=203.816450000000003228706191D0
	U(10)=-0.000000000001566021800000D0
	U(11)=0.006806811799999999690325D0
	U(12)=-0.000000000000000043684947D0
	U(13)=0.006272061300000000318156D0
	U(14)=-0.000000000000000046532926D0
