	U(1)=-84.367553999999998382008926D0
	U(2)=-51.242412999999999101419235D0
	U(3)=-60.552616000000000440195436D0
	U(4)=0.000000000000137806770000D0
	U(5)=143.227550000000007912603905D0
	U(6)=-0.000000000001057730200000D0
	U(7)=855.352290000000039071892388D0
	U(8)=-0.000000000002018446400000D0
	U(9)=125.139750000000006480149750D0
	U(10)=-0.000000000000402304900000D0
	U(11)=1.939394599999999968531483D0
	U(12)=-0.000000000000007650984300D0
	U(13)=1.014245899999999922513894D0
	U(14)=-0.000000000000008250751400D0
