	U(1)=-134.231950000000011868905858D0
	U(2)=-29.141208999999999917918103D0
	U(3)=-322.297910000000001673470251D0
	U(4)=-0.000000000003386823200000D0
	U(5)=206.158909999999991669028532D0
	U(6)=-0.000000000001689889300000D0
	U(7)=3739.165300000000115687726066D0
	U(8)=-0.000000000021572502000000D0
	U(9)=120.944590000000005147740012D0
	U(10)=0.000000000000422348140000D0
	U(11)=0.000000004949732600000000D0
	U(12)=-0.000000000000000000000047D0
	U(13)=0.000000001412059100000000D0
	U(14)=-0.000000000000000000000012D0
