	U(1)=-138.057189999999991414370015D0
	U(2)=-49.545577999999999008196028D0
	U(3)=-1248.481399999999894134816714D0
	U(4)=-0.000000000013441929000000D0
	U(5)=1085.936599999999998544808477D0
	U(6)=-0.000000000012926574000000D0
	U(7)=1161.347500000000081854523160D0
	U(8)=-0.000000000013474786000000D0
	U(9)=387.469060000000013133103494D0
	U(10)=0.000000000000212131030000D0
	U(11)=0.000000000001444703900000D0
	U(12)=-0.000000000000000000000000D0
	U(13)=0.000000000001447799700000D0
	U(14)=-0.000000000000000000000000D0
