	U(1)=-87.775992999999999710780685D0
	U(2)=-49.401797999999999433384801D0
	U(3)=-574.481379999999944629962556D0
	U(4)=0.000000000003019873000000D0
	U(5)=1275.508900000000039653968997D0
	U(6)=0.000000000008732063700000D0
	U(7)=2064.969500000000152795109898D0
	U(8)=-0.000000000011599987000000D0
	U(9)=615.089969999999993888195604D0
	U(10)=0.000000000004060984200000D0
	U(11)=0.000016941446999999998667D0
	U(12)=0.000000000000000000123708D0
	U(13)=0.000004693297300000000395D0
	U(14)=0.000000000000000000030527D0
