	U(1)=-83.082511999999994145582605D0
	U(2)=-55.237319999999996866790752D0
	U(3)=-144.708509999999989759089658D0
	U(4)=0.000000000000106775710000D0
	U(5)=430.059779999999989286152413D0
	U(6)=0.000000000002236029500000D0
	U(7)=495.874239999999986139300745D0
	U(8)=-0.000000000000839649310000D0
	U(9)=168.974150000000008731149137D0
	U(10)=0.000000000001353569900000D0
	U(11)=0.045749734999999999707221D0
	U(12)=-0.000000000000000240504020D0
	U(13)=0.033242170000000001439666D0
	U(14)=-0.000000000000000244371780D0
