	U(1)=-87.210448999999996999576979D0
	U(2)=-56.978115000000002510205377D0
	U(3)=-225.386719999999996844053385D0
	U(4)=0.000000000000423138660000D0
	U(5)=701.146299999999996543920133D0
	U(6)=-0.000000000004084019100000D0
	U(7)=2155.094200000000000727595761D0
	U(8)=-0.000000000007898903800000D0
	U(9)=397.481350000000020372681320D0
	U(10)=-0.000000000001230180100000D0
	U(11)=0.065214612000000005131994D0
	U(12)=-0.000000000000000177293300D0
	U(13)=0.068689808000000004972740D0
	U(14)=-0.000000000000000179319020D0
