	U(1)=-94.655113000000000056388672D0
	U(2)=-49.560524000000000910404196D0
	U(3)=-464.108609999999998763087206D0
	U(4)=0.000000000000845333510000D0
	U(5)=990.910830000000032669049688D0
	U(6)=0.000000000004035167200000D0
	U(7)=2010.113299999999981082510203D0
	U(8)=-0.000000000005283681000000D0
	U(9)=562.286989999999946121533867D0
	U(10)=0.000000000003778304500000D0
	U(11)=0.061888619999999998355644D0
	U(12)=0.000000000000000272987050D0
	U(13)=0.015948174999999998463496D0
	U(14)=0.000000000000000151466100D0
