	U(1)=-102.721500000000006025402399D0
	U(2)=-39.806038000000000920408638D0
	U(3)=-879.411190000000033251126297D0
	U(4)=-0.000000000001251194100000D0
	U(5)=1236.539299999999911960912868D0
	U(6)=0.000000000008702165700000D0
	U(7)=2796.242400000000088766682893D0
	U(8)=-0.000000000020764432000000D0
	U(9)=315.708280000000002019078238D0
	U(10)=0.000000000001932426000000D0
	U(11)=0.000410257659999999991021D0
	U(12)=0.000000000000000001833499D0
	U(13)=0.000191414640000000011539D0
	U(14)=0.000000000000000000916855D0
