	U(1)=-87.198074000000005412402970D0
	U(2)=-52.486030999999996993210516D0
	U(3)=-204.467590000000001282387529D0
	U(4)=-0.000000000000674817140000D0
	U(5)=1192.343000000000074578565545D0
	U(6)=-0.000000000003697473300000D0
	U(7)=622.352170000000000982254278D0
	U(8)=0.000000000001936185800000D0
	U(9)=274.642240000000015243131202D0
	U(10)=-0.000000000002390827300000D0
	U(11)=0.137838540000000009388970D0
	U(12)=-0.000000000000001190417900D0
	U(13)=0.056246284000000000558028D0
	U(14)=-0.000000000000000278468730D0
