	U(1)=-97.797813000000004990397429D0
	U(2)=-42.704932999999996923179424D0
	U(3)=-393.941100000000005820766091D0
	U(4)=0.000000000000388675390000D0
	U(5)=636.991819999999961510184221D0
	U(6)=0.000000000001722626700000D0
	U(7)=1967.658300000000053842086345D0
	U(8)=-0.000000000000040549842000D0
	U(9)=341.009160000000008494680515D0
	U(10)=0.000000000000683410030000D0
	U(11)=0.000286108520000000015032D0
	U(12)=0.000000000000000002068414D0
	U(13)=0.000254663169999999995999D0
	U(14)=0.000000000000000002089537D0
