	U(1)=-101.270610000000004902176443D0
	U(2)=-40.648570999999996899987309D0
	U(3)=-625.075559999999995852704160D0
	U(4)=-0.000000000002838622300000D0
	U(5)=470.474120000000027630449040D0
	U(6)=-0.000000000002060127500000D0
	U(7)=1615.345100000000002182787284D0
	U(8)=0.000000000002726225500000D0
	U(9)=432.562380000000018753780751D0
	U(10)=-0.000000000000565518120000D0
	U(11)=0.000093088413000000003639D0
	U(12)=-0.000000000000000000554670D0
	U(13)=0.000085486964999999994082D0
	U(14)=-0.000000000000000000563403D0
