	U(1)=-104.987080000000005952642823D0
	U(2)=-55.525764000000002340584615D0
	U(3)=-810.179690000000050531525631D0
	U(4)=0.000000000001088680900000D0
	U(5)=775.846559999999954015947878D0
	U(6)=-0.000000000004235991800000D0
	U(7)=762.404539999999997235136107D0
	U(8)=0.000000000000000000000000D0
	U(9)=308.314540000000022246240405D0
	U(10)=-0.000000000003369423000000D0
	U(11)=0.000041255782000000003101D0
	U(12)=-0.000000000000000000237742D0
	U(13)=0.000023376084000000000939D0
	U(14)=-0.000000000000000000118240D0
