	U(1)=-86.071113999999994348399923D0
	U(2)=-46.605376999999997167378751D0
	U(3)=-1034.731700000000046202330850D0
	U(4)=0.000000000000765996640000D0
	U(5)=1164.214500000000043655745685D0
	U(6)=0.000000000008175289400000D0
	U(7)=1118.299700000000029831426218D0
	U(8)=-0.000000000008781390500000D0
	U(9)=299.325499999999976807885105D0
	U(10)=0.000000000002642499500000D0
	U(11)=0.001341744900000000056267D0
	U(12)=0.000000000000000007402699D0
	U(13)=0.000357001089999999985346D0
	U(14)=0.000000000000000001837936D0
