	U(1)=-92.549187000000003422428563D0
	U(2)=-44.095528000000001611624612D0
	U(3)=-235.507859999999993760866346D0
	U(4)=0.000000000000882829670000D0
	U(5)=1661.734699999999975261744112D0
	U(6)=0.000000000008045330000000D0
	U(7)=3188.894800000000032014213502D0
	U(8)=0.000000000002656516700000D0
	U(9)=584.285399999999981446308084D0
	U(10)=0.000000000002189273900000D0
	U(11)=0.000002908225000000000010D0
	U(12)=0.000000000000000000016213D0
	U(13)=0.000001652768099999999986D0
	U(14)=0.000000000000000000007952D0
