	U(1)=-93.555862000000004741195880D0
	U(2)=-45.722023000000000081399776D0
	U(3)=-232.390899999999987812770996D0
	U(4)=-0.000000000000492220680000D0
	U(5)=680.808530000000018844730221D0
	U(6)=-0.000000000000276000220000D0
	U(7)=1971.745400000000017826096155D0
	U(8)=-0.000000000002197446200000D0
	U(9)=577.121520000000032268872019D0
	U(10)=-0.000000000002743128000000D0
	U(11)=0.002809963700000000196011D0
	U(12)=0.000000000000000013527454D0
	U(13)=0.001704861900000000096700D0
	U(14)=0.000000000000000006334576D0
