	U(1)=-96.149872000000002003616828D0
	U(2)=-46.932006999999998697603587D0
	U(3)=-391.574160000000006220943760D0
	U(4)=0.000000000000379515130000D0
	U(5)=323.017490000000009331415640D0
	U(6)=-0.000000000002026297100000D0
	U(7)=2775.450899999999819556251168D0
	U(8)=-0.000000000001035184600000D0
	U(9)=649.424319999999966057657730D0
	U(10)=0.000000000000693007010000D0
	U(11)=0.001231023099999999960430D0
	U(12)=-0.000000000000000007500217D0
	U(13)=0.000499031220000000028808D0
	U(14)=-0.000000000000000003778419D0
