	U(1)=-98.045058999999994853169483D0
	U(2)=-43.757533999999999707597453D0
	U(3)=-303.794399999999995998223312D0
	U(4)=-0.000000000000945294520000D0
	U(5)=476.447080000000028121576179D0
	U(6)=0.000000000002677577100000D0
	U(7)=2019.556800000000066575012170D0
	U(8)=0.000000000002564200200000D0
	U(9)=530.153199999999969804775901D0
	U(10)=-0.000000000000126036320000D0
	U(11)=0.002507074699999999999739D0
	U(12)=-0.000000000000000014772711D0
	U(13)=0.001866417700000000011104D0
	U(14)=-0.000000000000000006955658D0
