	U(1)=-93.754379000000000132786226D0
	U(2)=-38.984473999999998738985596D0
	U(3)=-670.474669999999946412572172D0
	U(4)=-0.000000000006768572200000D0
	U(5)=1026.472800000000006548361853D0
	U(6)=-0.000000000013559576000000D0
	U(7)=2392.455300000000079307937995D0
	U(8)=-0.000000000027240384000000D0
	U(9)=234.260150000000010095391190D0
	U(10)=-0.000000000001704499100000D0
	U(11)=0.000044876451000000002367D0
	U(12)=-0.000000000000000000200549D0
	U(13)=0.000025935638000000000116D0
	U(14)=-0.000000000000000000100148D0
