	U(1)=-81.757300999999998225575837D0
	U(2)=-46.175659000000003118202585D0
	U(3)=-150.836009999999987485352904D0
	U(4)=0.000000000000424793830000D0
	U(5)=599.144959999999969113559928D0
	U(6)=-0.000000000002096257400000D0
	U(7)=1294.222800000000006548361853D0
	U(8)=0.000000000002473070800000D0
	U(9)=419.227260000000001127773430D0
	U(10)=-0.000000000002585801800000D0
	U(11)=0.059823129000000002664095D0
	U(12)=-0.000000000000000343443830D0
	U(13)=0.042204756000000002991168D0
	U(14)=-0.000000000000000161845230D0
