	U(1)=-96.157668999999998504790710D0
	U(2)=-53.125225000000000363797881D0
	U(3)=-146.971239999999994552126736D0
	U(4)=0.000000000000043674015000D0
	U(5)=514.155700000000024374458008D0
	U(6)=-0.000000000006200498000000D0
	U(7)=1070.051500000000032741809264D0
	U(8)=0.000000000002059075100000D0
	U(9)=163.924700000000001409716788D0
	U(10)=0.000000000001064828300000D0
	U(11)=0.002336771699999999878788D0
	U(12)=0.000000000000000022718231D0
	U(13)=0.001323497299999999970294D0
	U(14)=0.000000000000000012345870D0
