	U(1)=-88.303757000000004495632311D0
	U(2)=-42.953564000000000078216544D0
	U(3)=-157.640469999999993433448253D0
	U(4)=-0.000000000000020077132000D0
	U(5)=276.600770000000011350493878D0
	U(6)=0.000000000002038590000000D0
	U(7)=1287.415999999999939973349683D0
	U(8)=0.000000000003568350500000D0
	U(9)=324.887119999999981700966600D0
	U(10)=0.000000000001886605700000D0
	U(11)=0.027729911999999998922783D0
	U(12)=0.000000000000000126478340D0
	U(13)=0.035667967000000001809301D0
	U(14)=0.000000000000000259033260D0
