	U(1)=-86.201995999999994069185050D0
	U(2)=-46.170360999999999762621883D0
	U(3)=-1342.212999999999965439201333D0
	U(4)=0.000000000006353569100000D0
	U(5)=237.670670000000001209627953D0
	U(6)=0.000000000000979073920000D0
	U(7)=3629.760699999999815190676600D0
	U(8)=-0.000000000009091068200000D0
	U(9)=1222.285200000000031650415622D0
	U(10)=0.000000000009482052300000D0
	U(11)=0.002008379900000000113647D0
	U(12)=0.000000000000000015329707D0
	U(13)=0.001016780500000000067931D0
	U(14)=0.000000000000000007672365D0
