	U(1)=-107.907589999999999008650775D0
	U(2)=-47.824657000000001971784513D0
	U(3)=-223.702319999999986066541169D0
	U(4)=-0.000000000000436953890000D0
	U(5)=616.445129999999949177436065D0
	U(6)=0.000000000006371705200000D0
	U(7)=922.075129999999944629962556D0
	U(8)=-0.000000000000650589120000D0
	U(9)=243.799290000000013378667063D0
	U(10)=-0.000000000000219563610000D0
	U(11)=0.000393744669999999995832D0
	U(12)=-0.000000000000000001998974D0
	U(13)=0.000193637129999999998455D0
	U(14)=-0.000000000000000000999489D0
