	U(1)=-100.316699999999997316990630D0
	U(2)=-46.415382000000001028183760D0
	U(3)=-786.099119999999970787030179D0
	U(4)=0.000000000004043147800000D0
	U(5)=1249.892100000000027648638934D0
	U(6)=-0.000000000008131930900000D0
	U(7)=3256.204799999999977444531396D0
	U(8)=0.000000000015372308000000D0
	U(9)=1079.431299999999964711605571D0
	U(10)=-0.000000000013401742000000D0
	U(11)=0.000101544309999999996788D0
	U(12)=-0.000000000000000000475043D0
	U(13)=0.000125194109999999988450D0
	U(14)=-0.000000000000000000976792D0
