	U(1)=-78.218170000000000641193765D0
	U(2)=-46.977032000000001232820068D0
	U(3)=-165.589900000000000090949470D0
	U(4)=0.000000000000218300120000D0
	U(5)=2118.529300000000148429535329D0
	U(6)=-0.000000000017583730000000D0
	U(7)=1395.839400000000068757799454D0
	U(8)=-0.000000000000843651100000D0
	U(9)=158.210170000000005074980436D0
	U(10)=-0.000000000000417262660000D0
	U(11)=0.063581169000000006819029D0
	U(12)=0.000000000000000328858080D0
	U(13)=0.057347119000000001953765D0
	U(14)=0.000000000000000083966369D0
