	U(1)=-82.931488000000001648004400D0
	U(2)=-48.629199999999997316990630D0
	U(3)=-248.419980000000009567884263D0
	U(4)=-0.000000000000059701444000D0
	U(5)=1950.911299999999982901499607D0
	U(6)=-0.000000000009142782000000D0
	U(7)=837.945500000000038198777474D0
	U(8)=0.000000000000043547831000D0
	U(9)=185.728450000000009367795428D0
	U(10)=-0.000000000001013624100000D0
	U(11)=0.068389646999999997856179D0
	U(12)=0.000000000000000751530990D0
	U(13)=0.021084109000000000183617D0
	U(14)=0.000000000000000187385600D0
