	U(1)=-94.554946999999998524799594D0
	U(2)=-56.524712000000000955424184D0
	U(3)=-167.611909999999994624886313D0
	U(4)=-0.000000000000697971850000D0
	U(5)=717.881650000000036015990190D0
	U(6)=-0.000000000004017195400000D0
	U(7)=1386.308999999999969077180140D0
	U(8)=0.000000000001019244900000D0
	U(9)=686.289430000000038489815779D0
	U(10)=-0.000000000004252839400000D0
	U(11)=0.000534369089999999998843D0
	U(12)=-0.000000000000000003881907D0
	U(13)=0.000272066270000000012385D0
	U(14)=-0.000000000000000001945535D0
