	U(1)=-75.300117000000000189174898D0
	U(2)=-48.958655999999997732174961D0
	U(3)=-570.577149999999960527929943D0
	U(4)=0.000000000004316677700000D0
	U(5)=294.021939999999972314981278D0
	U(6)=-0.000000000003358551100000D0
	U(7)=375.838129999999978281266522D0
	U(8)=0.000000000000822209000000D0
	U(9)=162.564850000000006957634469D0
	U(10)=0.000000000000970580710000D0
	U(11)=0.164953810000000006263932D0
	U(12)=0.000000000000001070995700D0
	U(13)=0.113298070000000000723261D0
	U(14)=0.000000000000000514439580D0
