	U(1)=-76.963417000000006851223588D0
	U(2)=-22.532762999999999209421730D0
	U(3)=-85.193816999999995687176124D0
	U(4)=0.000000000000693973520000D0
	U(5)=1290.474600000000009458744898D0
	U(6)=0.000000000013619559000000D0
	U(7)=4027.374800000000050204107538D0
	U(8)=-0.000000000003455191000000D0
	U(9)=453.261630000000025120243663D0
	U(10)=-0.000000000001293006400000D0
	U(11)=0.032902922000000001112596D0
	U(12)=0.000000000000000377315670D0
	U(13)=0.007601033000000000094953D0
	U(14)=0.000000000000000042656798D0
