	U(1)=-92.395538000000001943590178D0
	U(2)=-50.721679999999999211013346D0
	U(3)=-227.758360000000010359144653D0
	U(4)=-0.000000000001038960700000D0
	U(5)=908.491149999999947795004118D0
	U(6)=-0.000000000004104971100000D0
	U(7)=2844.215099999999893043423072D0
	U(8)=0.000000000015989611000000D0
	U(9)=784.727229999999963183654472D0
	U(10)=-0.000000000001590985600000D0
	U(11)=0.003503943099999999848809D0
	U(12)=-0.000000000000000016475592D0
	U(13)=0.003167990400000000004999D0
	U(14)=-0.000000000000000016585282D0
