	U(1)=-89.723297000000002299202606D0
	U(2)=-49.096924000000001342414180D0
	U(3)=-208.381499999999988403942552D0
	U(4)=0.000000000000664849090000D0
	U(5)=1189.975599999999985811882652D0
	U(6)=0.000000000004857530600000D0
	U(7)=2104.019299999999930150806904D0
	U(8)=-0.000000000009432820000000D0
	U(9)=796.099240000000008876668289D0
	U(10)=0.000000000002086672400000D0
	U(11)=0.001765054700000000080518D0
	U(12)=-0.000000000000000008792664D0
	U(13)=0.001518812000000000026617D0
	U(14)=-0.000000000000000008964759D0
