	U(1)=-102.418620000000004210960469D0
	U(2)=-53.234360000000002344222594D0
	U(3)=-201.175260000000008631104720D0
	U(4)=-0.000000000000511444890000D0
	U(5)=239.194559999999995625330484D0
	U(6)=-0.000000000001051124400000D0
	U(7)=1095.191900000000032378011383D0
	U(8)=-0.000000000005836669700000D0
	U(9)=187.318559999999990850483300D0
	U(10)=0.000000000000465274790000D0
	U(11)=0.000005000900700000000263D0
	U(12)=0.000000000000000000024593D0
	U(13)=0.000001482347399999999974D0
	U(14)=0.000000000000000000006099D0
