	U(1)=-89.172379000000006499249139D0
	U(2)=-52.616497000000002515207598D0
	U(3)=-871.986760000000003856257536D0
	U(4)=-0.000000000002984698400000D0
	U(5)=1189.643299999999953797669150D0
	U(6)=-0.000000000010285022000000D0
	U(7)=1418.030500000000074578565545D0
	U(8)=0.000000000000823086770000D0
	U(9)=327.112759999999980209395289D0
	U(10)=-0.000000000002285328400000D0
	U(11)=0.016739405999999998342354D0
	U(12)=0.000000000000000009770807D0
	U(13)=0.009332125099999999742750D0
	U(14)=-0.000000000000000003521902D0
