	U(1)=-116.431950000000000500222086D0
	U(2)=-47.038246000000000890395313D0
	U(3)=-171.363949999999988449417287D0
	U(4)=0.000000000000565949690000D0
	U(5)=176.699510000000003628883860D0
	U(6)=-0.000000000001013043400000D0
	U(7)=4867.189000000000305590219796D0
	U(8)=0.000000000025046194000000D0
	U(9)=906.658019999999964966264088D0
	U(10)=-0.000000000005660047100000D0
	U(11)=0.000000000244498780000000D0
	U(12)=-0.000000000000000000000002D0
	U(13)=0.000000000112200070000000D0
	U(14)=-0.000000000000000000000000D0
