	U(1)=-91.123054999999993697201717D0
	U(2)=-47.063819999999999765805114D0
	U(3)=-361.198489999999992505763657D0
	U(4)=0.000000000001114260400000D0
	U(5)=1268.677500000000009094947018D0
	U(6)=-0.000000000010813761000000D0
	U(7)=3754.889599999999973078956828D0
	U(8)=0.000000000006989756000000D0
	U(9)=325.070159999999987121555023D0
	U(10)=-0.000000000001751156700000D0
	U(11)=0.008463668599999999916927D0
	U(12)=0.000000000000000065375154D0
	U(13)=0.006993832499999999910423D0
	U(14)=0.000000000000000030266929D0
