	U(1)=-82.067832999999993148776412D0
	U(2)=-46.961468000000003542027116D0
	U(3)=-245.233280000000007703420124D0
	U(4)=0.000000000000618414010000D0
	U(5)=1267.135999999999967258190736D0
	U(6)=0.000000000008173448900000D0
	U(7)=1433.056900000000041472958401D0
	U(8)=0.000000000004253784800000D0
	U(9)=275.583799999999996543920133D0
	U(10)=0.000000000002300735300000D0
	U(11)=0.274791899999999977843856D0
	U(12)=-0.000000000000000871952130D0
	U(13)=0.218196820000000013539676D0
	U(14)=-0.000000000000000053607177D0
