	U(1)=-77.671272000000001867192623D0
	U(2)=-46.134132000000001028183760D0
	U(3)=-302.666749999999979081621859D0
	U(4)=-0.000000000001192784600000D0
	U(5)=192.420099999999990814103512D0
	U(6)=0.000000000001122686000000D0
	U(7)=3878.250500000000101863406599D0
	U(8)=0.000000000011955649000000D0
	U(9)=976.655819999999948777258396D0
	U(10)=-0.000000000003588084700000D0
	U(11)=0.085402846000000004478281D0
	U(12)=-0.000000000000000465850070D0
	U(13)=0.034500576999999997551694D0
	U(14)=-0.000000000000000236931740D0
