	U(1)=-86.563750999999996338374331D0
	U(2)=-54.911338999999998122802936D0
	U(3)=-374.794039999999995416146703D0
	U(4)=0.000000000000699994210000D0
	U(5)=481.254790000000014060788089D0
	U(6)=0.000000000002000623800000D0
	U(7)=2574.398900000000139698386192D0
	U(8)=-0.000000000002978237900000D0
	U(9)=829.694340000000011059455574D0
	U(10)=0.000000000004027290700000D0
	U(11)=0.019740702999999998334957D0
	U(12)=0.000000000000000131383070D0
	U(13)=0.014912042999999999826066D0
	U(14)=0.000000000000000063371921D0
