	U(1)=-102.898989999999997735358193D0
	U(2)=-51.941184999999997273789631D0
	U(3)=-548.821170000000051913957577D0
	U(4)=0.000000000001922064900000D0
	U(5)=547.292789999999968131305650D0
	U(6)=-0.000000000002819589400000D0
	U(7)=2049.538100000000213185558096D0
	U(8)=0.000000000010412989000000D0
	U(9)=358.822569999999984702299116D0
	U(10)=0.000000000002587339400000D0
	U(11)=0.000239528929999999998408D0
	U(12)=0.000000000000000000930170D0
	U(13)=0.000170757239999999994818D0
	U(14)=0.000000000000000000938249D0
