	U(1)=-115.629069999999998685780156D0
	U(2)=-35.807006999999998697603587D0
	U(3)=-504.163700000000005729816621D0
	U(4)=-0.000000000003396739500000D0
	U(5)=614.329650000000015097612049D0
	U(6)=0.000000000006682422400000D0
	U(7)=2543.187300000000050204107538D0
	U(8)=-0.000000000027148065000000D0
	U(9)=191.598309999999997899067239D0
	U(10)=-0.000000000000653737100000D0
	U(11)=0.000000000002485526800000D0
	U(12)=-0.000000000000000000000000D0
	U(13)=0.000000000001150060400000D0
	U(14)=-0.000000000000000000000000D0
