	U(1)=-83.529640000000000554791768D0
	U(2)=-44.793086999999999875399226D0
	U(3)=-139.125000000000000000000000D0
	U(4)=-0.000000000000274346730000D0
	U(5)=187.489759999999989759089658D0
	U(6)=-0.000000000000987804460000D0
	U(7)=1335.575599999999894862412475D0
	U(8)=0.000000000004184198100000D0
	U(9)=153.133270000000010213625501D0
	U(10)=-0.000000000000747280600000D0
	U(11)=0.427589239999999981556300D0
	U(12)=0.000000000000001266713600D0
	U(13)=0.310810330000000023531470D0
	U(14)=0.000000000000001805841800D0
