	U(1)=-82.149024999999994633981260D0
	U(2)=-43.510857000000001448825060D0
	U(3)=-405.883179999999981646396918D0
	U(4)=-0.000000000003372773600000D0
	U(5)=698.402399999999943247530609D0
	U(6)=-0.000000000005873199900000D0
	U(7)=860.101379999999949177436065D0
	U(8)=-0.000000000006786790300000D0
	U(9)=316.423549999999977444531396D0
	U(10)=0.000000000000292286270000D0
	U(11)=0.154584169999999992972661D0
	U(12)=-0.000000000000000943187700D0
	U(13)=0.078271045999999996900520D0
	U(14)=-0.000000000000000472784200D0
