	U(1)=-87.241614999999995916368789D0
	U(2)=-56.356304000000001508396963D0
	U(3)=-80.447547999999997614395397D0
	U(4)=0.000000000000074018137000D0
	U(5)=1007.531600000000025829649530D0
	U(6)=-0.000000000005369319100000D0
	U(7)=2269.421400000000176078174263D0
	U(8)=0.000000000011642790000000D0
	U(9)=507.379849999999976262188284D0
	U(10)=0.000000000001457752600000D0
	U(11)=0.054929121999999996894815D0
	U(12)=-0.000000000000000236028010D0
	U(13)=0.035240239999999999065405D0
	U(14)=-0.000000000000000262878000D0
