	U(1)=-94.200653000000002634806151D0
	U(2)=-50.517937000000003422428563D0
	U(3)=-301.983339999999998326529749D0
	U(4)=-0.000000000002598197000000D0
	U(5)=384.323730000000011841621017D0
	U(6)=-0.000000000002101839300000D0
	U(7)=908.286500000000046384229790D0
	U(8)=-0.000000000005801401500000D0
	U(9)=446.932830000000024028850021D0
	U(10)=-0.000000000001349419400000D0
	U(11)=0.022286962999999999912593D0
	U(12)=-0.000000000000000123829760D0
	U(13)=0.009894081399999999151817D0
	U(14)=-0.000000000000000062253606D0
