	U(1)=-94.666663999999997258782969D0
	U(2)=-52.661701000000000760792318D0
	U(3)=-205.584239999999994097379385D0
	U(4)=-0.000000000000412030870000D0
	U(5)=416.189939999999978681444190D0
	U(6)=0.000000000002047517800000D0
	U(7)=1252.359999999999899955582805D0
	U(8)=0.000000000005409086400000D0
	U(9)=304.627839999999991960066836D0
	U(10)=0.000000000003272245300000D0
	U(11)=0.000867825700000000041859D0
	U(12)=-0.000000000000000002335984D0
	U(13)=0.000477689550000000024820D0
	U(14)=-0.000000000000000001136777D0
