	U(1)=-79.948677000000003545210348D0
	U(2)=-44.254050999999996918177203D0
	U(3)=-474.949520000000006803020369D0
	U(4)=-0.000000000002258827000000D0
	U(5)=392.280300000000011095835362D0
	U(6)=-0.000000000002335907700000D0
	U(7)=1156.722899999999981446308084D0
	U(8)=-0.000000000010343329000000D0
	U(9)=218.484859999999997626218828D0
	U(10)=0.000000000000273515590000D0
	U(11)=0.268192529999999984546832D0
	U(12)=0.000000000000001859625000D0
	U(13)=0.088320903000000006155545D0
	U(14)=0.000000000000000431359520D0
