	U(1)=-89.510818000000000438376446D0
	U(2)=-49.896568000000002029992174D0
	U(3)=-137.196789999999992915036273D0
	U(4)=0.000000000000433976310000D0
	U(5)=357.243929999999977553670760D0
	U(6)=0.000000000002009936900000D0
	U(7)=706.156489999999962492438499D0
	U(8)=-0.000000000002125301000000D0
	U(9)=142.919039999999995416146703D0
	U(10)=0.000000000000948679180000D0
	U(11)=0.252188210000000023747191D0
	U(12)=-0.000000000000002110736000D0
	U(13)=0.075824617999999996409421D0
	U(14)=-0.000000000000000519372760D0
