	U(1)=-83.962768999999994434801920D0
	U(2)=-44.060768000000003041805030D0
	U(3)=-359.558839999999975134414854D0
	U(4)=-0.000000000000535820090000D0
	U(5)=1624.687100000000100408215076D0
	U(6)=-0.000000000009046831900000D0
	U(7)=3429.529100000000198633642867D0
	U(8)=0.000000000021818295000000D0
	U(9)=1275.185699999999997089616954D0
	U(10)=0.000000000003340687800000D0
	U(11)=0.002473561600000000193500D0
	U(12)=-0.000000000000000017393072D0
	U(13)=0.000989408810000000013551D0
	U(14)=-0.000000000000000008808346D0
