	U(1)=-96.917891999999994823156158D0
	U(2)=-49.683455999999999619376467D0
	U(3)=-168.306240000000002510205377D0
	U(4)=0.000000000000091684608000D0
	U(5)=495.898189999999999599822331D0
	U(6)=0.000000000002050629200000D0
	U(7)=385.328489999999987958290149D0
	U(8)=0.000000000000278559000000D0
	U(9)=149.443469999999990704964148D0
	U(10)=0.000000000001640187300000D0
	U(11)=0.005490083199999999837015D0
	U(12)=-0.000000000000000026393193D0
	U(13)=0.002237002399999999790320D0
	U(14)=-0.000000000000000013534055D0
