	U(1)=-85.250480999999993514393282D0
	U(2)=-54.697865000000000179625204D0
	U(3)=-316.001129999999989195202943D0
	U(4)=-0.000000000000919191810000D0
	U(5)=980.085820000000012441887520D0
	U(6)=0.000000000004537668900000D0
	U(7)=935.314210000000002764863893D0
	U(8)=-0.000000000000225130770000D0
	U(9)=259.238130000000012387317838D0
	U(10)=-0.000000000000077215137000D0
	U(11)=0.108649090000000003719549D0
	U(12)=0.000000000000000244300480D0
	U(13)=0.048065595000000002623430D0
	U(14)=0.000000000000000110175570D0
