	U(1)=-75.307755000000000222826202D0
	U(2)=-42.199387000000001535227057D0
	U(3)=-219.956799999999986994225765D0
	U(4)=0.000000000000170316340000D0
	U(5)=109.615229999999996834958438D0
	U(6)=0.000000000000487255200000D0
	U(7)=5325.368699999999989813659340D0
	U(8)=0.000000000001163124600000D0
	U(9)=1668.770299999999906503944658D0
	U(10)=0.000000000002954576700000D0
	U(11)=0.003198550999999999998324D0
	U(12)=0.000000000000000014780229D0
	U(13)=0.001174839700000000026689D0
	U(14)=0.000000000000000007420177D0
