	U(1)=-83.772964000000001760781743D0
	U(2)=-54.803719000000000960426405D0
	U(3)=-137.763110000000011723386706D0
	U(4)=0.000000000000417895810000D0
	U(5)=751.314150000000040563463699D0
	U(6)=0.000000000000668082290000D0
	U(7)=723.008060000000000400177669D0
	U(8)=0.000000000000195787640000D0
	U(9)=170.578450000000003683453542D0
	U(10)=-0.000000000000043543047000D0
	U(11)=1.754435799999999989751132D0
	U(12)=0.000000000000007892722500D0
	U(13)=0.551043330000000053381370D0
	U(14)=0.000000000000004897711400D0
