	U(1)=-82.717147999999994567588146D0
	U(2)=-47.715392999999998835392034D0
	U(3)=-1052.830300000000079307937995D0
	U(4)=0.000000000000403199550000D0
	U(5)=105.560199999999994702193362D0
	U(6)=0.000000000000483261650000D0
	U(7)=1434.109500000000025465851650D0
	U(8)=0.000000000004065356100000D0
	U(9)=318.326199999999971623765305D0
	U(10)=0.000000000001299506500000D0
	U(11)=0.000657996629999999969526D0
	U(12)=0.000000000000000003722499D0
	U(13)=0.000274641439999999978448D0
	U(14)=0.000000000000000001874375D0
