	U(1)=-88.997910000000004515641194D0
	U(2)=-22.810776000000000607315087D0
	U(3)=-321.695190000000025065673981D0
	U(4)=-0.000000000003384831700000D0
	U(5)=557.594479999999975916580297D0
	U(6)=-0.000000000006798673600000D0
	U(7)=2351.331299999999828287400305D0
	U(8)=-0.000000000027136156000000D0
	U(9)=242.457960000000014133547666D0
	U(10)=0.000000000000842818270000D0
	U(11)=0.003967792700000000172267D0
	U(12)=-0.000000000000000049158877D0
	U(13)=0.002795066699999999935283D0
	U(14)=-0.000000000000000024028598D0
