	U(1)=-75.290809999999993351593730D0
	U(2)=-45.447144000000001540229277D0
	U(3)=-453.880280000000027484929888D0
	U(4)=-0.000000000001073697800000D0
	U(5)=152.404689999999988003764884D0
	U(6)=-0.000000000001030564800000D0
	U(7)=1122.867299999999886495061219D0
	U(8)=-0.000000000004437458600000D0
	U(9)=346.937770000000000436557457D0
	U(10)=-0.000000000000684669820000D0
	U(11)=1.089903599999999972425258D0
	U(12)=0.000000000000008561451600D0
	U(13)=0.653525710000000037425139D0
	U(14)=0.000000000000002980828600D0
