	U(1)=-103.913139999999998508428689D0
	U(2)=-42.638556999999998708972271D0
	U(3)=-635.715580000000045401975513D0
	U(4)=0.000000000001430065100000D0
	U(5)=247.373279999999994060999597D0
	U(6)=-0.000000000000979067850000D0
	U(7)=1448.213500000000067302607931D0
	U(8)=0.000000000000700749730000D0
	U(9)=97.568184000000002242813935D0
	U(10)=-0.000000000000756998900000D0
	U(11)=0.000000002821638500000000D0
	U(12)=-0.000000000000000000000014D0
	U(13)=0.000000000888693900000000D0
	U(14)=-0.000000000000000000000003D0
