	U(1)=-108.566450000000003228706191D0
	U(2)=-44.448677000000003545210348D0
	U(3)=-592.868839999999977408151608D0
	U(4)=-0.000000000000389426850000D0
	U(5)=704.079349999999976716935635D0
	U(6)=0.000000000006695014800000D0
	U(7)=5356.847200000000157160684466D0
	U(8)=-0.000000000032859077000000D0
	U(9)=1240.614900000000034197000787D0
	U(10)=-0.000000000005468314600000D0
	U(11)=0.001605221700000000013484D0
	U(12)=0.000000000000000007899015D0
	U(13)=0.000751643090000000046666D0
	U(14)=0.000000000000000003972127D0
