	U(1)=-84.597046000000005960828275D0
	U(2)=-48.659061000000001229182089D0
	U(3)=-753.593200000000024374458008D0
	U(4)=0.000000000002002476500000D0
	U(5)=302.215640000000007603375707D0
	U(6)=0.000000000002121273000000D0
	U(7)=1488.413700000000062573235482D0
	U(8)=0.000000000004488503800000D0
	U(9)=329.159879999999986921466189D0
	U(10)=0.000000000002575863800000D0
	U(11)=0.028199286999999999964173D0
	U(12)=0.000000000000000124855670D0
	U(13)=0.028437374000000001372790D0
	U(14)=0.000000000000000125530730D0
