	U(1)=-89.745407000000000152795110D0
	U(2)=-47.546416999999998154180503D0
	U(3)=-130.382479999999986830516718D0
	U(4)=-0.000000000000398612670000D0
	U(5)=609.702210000000036416167859D0
	U(6)=0.000000000004047398300000D0
	U(7)=1263.498700000000098953023553D0
	U(8)=0.000000000000531776170000D0
	U(9)=280.297640000000001236912794D0
	U(10)=0.000000000001122708500000D0
	U(11)=0.007336842399999999805860D0
	U(12)=0.000000000000000032746198D0
	U(13)=0.002044273100000000131099D0
	U(14)=0.000000000000000017439953D0
