	U(1)=-101.043469999999999231476977D0
	U(2)=-45.525916999999999745796231D0
	U(3)=-1201.778800000000046566128731D0
	U(4)=0.000000000008597131700000D0
	U(5)=687.828920000000039181031752D0
	U(6)=0.000000000004203037700000D0
	U(7)=5644.460399999999935971572995D0
	U(8)=-0.000000000009206210400000D0
	U(9)=2396.996099999999842111719772D0
	U(10)=-0.000000000010981546000000D0
	U(11)=0.000136653380000000007231D0
	U(12)=0.000000000000000000937289D0
	U(13)=0.000137595099999999993193D0
	U(14)=0.000000000000000000940744D0
