	U(1)=-100.295959999999993783603713D0
	U(2)=-49.540531000000001426997187D0
	U(3)=-227.457200000000000272848411D0
	U(4)=0.000000000000786559940000D0
	U(5)=658.881470000000035724951886D0
	U(6)=0.000000000004217229400000D0
	U(7)=1308.031199999999898864189163D0
	U(8)=-0.000000000003406813200000D0
	U(9)=216.523959999999988212948665D0
	U(10)=0.000000000001124959800000D0
	U(11)=0.000000283350060000000012D0
	U(12)=0.000000000000000000001864D0
	U(13)=0.000000153017339999999989D0
	U(14)=0.000000000000000000000924D0
