	U(1)=-90.863822999999996454789652D0
	U(2)=-52.819153000000000020008883D0
	U(3)=-414.373870000000010804797057D0
	U(4)=-0.000000000000038136432000D0
	U(5)=1678.383700000000089858076535D0
	U(6)=-0.000000000011541160000000D0
	U(7)=1423.208599999999933061189950D0
	U(8)=0.000000000002365424000000D0
	U(9)=341.869050000000015643308870D0
	U(10)=0.000000000000999315760000D0
	U(11)=0.064277879999999995574989D0
	U(12)=0.000000000000000565828760D0
	U(13)=0.053448886000000001006427D0
	U(14)=0.000000000000000268499310D0
