	U(1)=-110.552049999999994156496541D0
	U(2)=-54.029583000000002357410267D0
	U(3)=-2235.646200000000135332811624D0
	U(4)=0.000000000000772839530000D0
	U(5)=462.526490000000023883330869D0
	U(6)=-0.000000000002013435400000D0
	U(7)=1245.074000000000069121597335D0
	U(8)=-0.000000000003806158900000D0
	U(9)=304.288670000000024629116524D0
	U(10)=-0.000000000001519435900000D0
	U(11)=0.000000036820790000000002D0
	U(12)=-0.000000000000000000000221D0
	U(13)=0.000000017478920000000002D0
	U(14)=-0.000000000000000000000111D0
