	U(1)=-116.301370000000005688889360D0
	U(2)=-47.494072000000002731212589D0
	U(3)=-865.657169999999950960045680D0
	U(4)=0.000000000002330448800000D0
	U(5)=767.672299999999950159690343D0
	U(6)=-0.000000000003542008700000D0
	U(7)=703.147029999999972460500430D0
	U(8)=0.000000000000635071210000D0
	U(9)=166.806080000000008567440091D0
	U(10)=-0.000000000000696441170000D0
	U(11)=0.000000000081478387000000D0
	U(12)=0.000000000000000000000000D0
	U(13)=0.000000000047612064000000D0
	U(14)=0.000000000000000000000000D0
