	U(1)=-95.393767999999994344761944D0
	U(2)=-44.726933000000002493834472D0
	U(3)=-562.988219999999955689418130D0
	U(4)=-0.000000000006747965500000D0
	U(5)=944.432130000000029212969821D0
	U(6)=-0.000000000006781656400000D0
	U(7)=472.234280000000012478267308D0
	U(8)=-0.000000000003367032800000D0
	U(9)=67.764968999999993570781953D0
	U(10)=-0.000000000000820316090000D0
	U(11)=0.001008649500000000087674D0
	U(12)=-0.000000000000000006441786D0
	U(13)=0.000362178109999999994946D0
	U(14)=-0.000000000000000001609645D0
