	U(1)=-100.855130000000002610249794D0
	U(2)=-35.962006000000002359229256D0
	U(3)=-249.079859999999996489350451D0
	U(4)=0.000000000001691714600000D0
	U(5)=338.994930000000010750227375D0
	U(6)=-0.000000000003372959500000D0
	U(7)=1475.687100000000100408215076D0
	U(8)=0.000000000013627713000000D0
	U(9)=104.518489999999999895408109D0
	U(10)=0.000000000000478509320000D0
	U(11)=0.000151361279999999995619D0
	U(12)=0.000000000000000000891980D0
	U(13)=0.000087632178999999993428D0
	U(14)=0.000000000000000000444467D0
