	U(1)=-88.503440999999995142388798D0
	U(2)=-57.099769999999999470219336D0
	U(3)=-784.589420000000018262653612D0
	U(4)=-0.000000000002450759000000D0
	U(5)=1547.646500000000060026650317D0
	U(6)=0.000000000002963682500000D0
	U(7)=1668.700199999999995270627551D0
	U(8)=0.000000000006215456500000D0
	U(9)=988.390869999999949868652038D0
	U(10)=-0.000000000002140474000000D0
	U(11)=0.002893231799999999853679D0
	U(12)=-0.000000000000000018157756D0
	U(13)=0.002993191399999999783438D0
	U(14)=-0.000000000000000017954577D0
