	U(1)=-87.150184999999993351593730D0
	U(2)=-45.996876000000000317413651D0
	U(3)=-105.178700000000006298250810D0
	U(4)=-0.000000000000017376308000D0
	U(5)=416.733920000000011896190699D0
	U(6)=0.000000000002069524500000D0
	U(7)=1606.601599999999962165020406D0
	U(8)=-0.000000000001929134200000D0
	U(9)=478.100649999999973260855768D0
	U(10)=-0.000000000000328374890000D0
	U(11)=0.069165043999999994972505D0
	U(12)=-0.000000000000000533198190D0
	U(13)=0.042096390999999996895831D0
	U(14)=-0.000000000000000256705960D0
