	U(1)=-183.890909999999990986907505D0
	U(2)=-25.326032999999998907014742D0
	U(3)=-526.501279999999951542122290D0
	U(4)=-0.000000000006716614200000D0
	U(5)=178.398539999999997007762431D0
	U(6)=-0.000000000001687442700000D0
	U(7)=3323.003900000000157888280228D0
	U(8)=-0.000000000017634368000000D0
	U(9)=69.336310999999994919562596D0
	U(10)=0.000000000000353421450000D0
	U(11)=0.000000000000007718387800D0
	U(12)=-0.000000000000000000000000D0
	U(13)=0.000000000000004231966300D0
	U(14)=-0.000000000000000000000000D0
