	U(1)=-74.167029999999996903170540D0
	U(2)=-55.995770000000000266027200D0
	U(3)=-224.799190000000010059011402D0
	U(4)=-0.000000000000505727300000D0
	U(5)=186.133010000000012951204553D0
	U(6)=-0.000000000001038983000000D0
	U(7)=831.436519999999973151716404D0
	U(8)=-0.000000000000657873390000D0
	U(9)=508.997529999999983374436852D0
	U(10)=-0.000000000000895028630000D0
	U(11)=1.419990300000000038593839D0
	U(12)=0.000000000000007686660500D0
	U(13)=0.438686340000000007943726D0
	U(14)=0.000000000000001834289700D0
