	U(1)=-75.537002999999998564817361D0
	U(2)=-46.374859000000000719410309D0
	U(3)=-493.328430000000025756889954D0
	U(4)=-0.000000000000262886800000D0
	U(5)=253.961379999999991241566022D0
	U(6)=-0.000000000001026262500000D0
	U(7)=1179.902299999999968349584378D0
	U(8)=-0.000000000002858329700000D0
	U(9)=477.728490000000022064341465D0
	U(10)=-0.000000000003226488100000D0
	U(11)=0.019998056999999999638895D0
	U(12)=-0.000000000000000157605550D0
	U(13)=0.004746395599999999811991D0
	U(14)=-0.000000000000000040371787D0
