	U(1)=-83.284949999999994929567038D0
	U(2)=-53.822974999999999567990017D0
	U(3)=-321.596679999999992105585989D0
	U(4)=0.000000000001295743500000D0
	U(5)=533.869569999999953324731905D0
	U(6)=-0.000000000004961026800000D0
	U(7)=1593.084100000000034924596548D0
	U(8)=-0.000000000001486393900000D0
	U(9)=404.172000000000025465851650D0
	U(10)=-0.000000000003299031800000D0
	U(11)=0.571335489999999945887055D0
	U(12)=0.000000000000003846168200D0
	U(13)=0.150083849999999990876276D0
	U(14)=0.000000000000001096772800D0
