	U(1)=-94.495850000000004342837201D0
	U(2)=-41.338523999999999603005563D0
	U(3)=-126.949889999999996348378772D0
	U(4)=-0.000000000000555817820000D0
	U(5)=302.358310000000017225829652D0
	U(6)=0.000000000002048945000000D0
	U(7)=3522.208299999999780993675813D0
	U(8)=0.000000000006566757100000D0
	U(9)=286.321349999999995361577021D0
	U(10)=0.000000000001569775200000D0
	U(11)=0.008375632600000000246854D0
	U(12)=0.000000000000000008463684D0
	U(13)=0.004325092800000000271832D0
	U(14)=0.000000000000000004664771D0
