	U(1)=-93.073195999999995819962351D0
	U(2)=-51.461319000000003143213689D0
	U(3)=-965.602970000000027539499570D0
	U(4)=0.000000000001150507400000D0
	U(5)=1106.106800000000021100277081D0
	U(6)=-0.000000000009060703600000D0
	U(7)=1133.751500000000078216544352D0
	U(8)=-0.000000000004139533300000D0
	U(9)=164.526780000000002246451913D0
	U(10)=-0.000000000000805591540000D0
	U(11)=0.000184127379999999993493D0
	U(12)=-0.000000000000000000968800D0
	U(13)=0.000075917182000000002972D0
	U(14)=-0.000000000000000000487805D0
