	U(1)=-103.027309999999999945430318D0
	U(2)=-33.790633999999997172380972D0
	U(3)=-661.118900000000053296389524D0
	U(4)=0.000000000003823504000000D0
	U(5)=571.414920000000051913957577D0
	U(6)=-0.000000000006820800400000D0
	U(7)=1865.273699999999962528818287D0
	U(8)=-0.000000000002233411200000D0
	U(9)=253.624979999999993651726982D0
	U(10)=-0.000000000000031128827000D0
	U(11)=0.000710540919999999966497D0
	U(12)=-0.000000000000000004293448D0
	U(13)=0.000516110099999999996992D0
	U(14)=-0.000000000000000004454432D0
