	U(1)=-94.648566999999999893589120D0
	U(2)=-53.312527000000002885826689D0
	U(3)=-574.720149999999989631760400D0
	U(4)=0.000000000003898122700000D0
	U(5)=475.624660000000005766196409D0
	U(6)=0.000000000002133298100000D0
	U(7)=1267.738299999999981082510203D0
	U(8)=-0.000000000005782243200000D0
	U(9)=220.685180000000002564775059D0
	U(10)=-0.000000000000914786370000D0
	U(11)=0.000262412650000000012476D0
	U(12)=-0.000000000000000000149592D0
	U(13)=0.000087751344999999997634D0
	U(14)=0.000000000000000000111963D0
