	U(1)=-88.425049000000001342414180D0
	U(2)=-46.436672000000001503394742D0
	U(3)=-655.604000000000041836756282D0
	U(4)=0.000000000002458557400000D0
	U(5)=530.152339999999981046130415D0
	U(6)=0.000000000004024210700000D0
	U(7)=3004.590599999999994906829670D0
	U(8)=0.000000000003718212800000D0
	U(9)=594.261719999999968422343954D0
	U(10)=-0.000000000002402462300000D0
	U(11)=0.024861231000000000995742D0
	U(12)=-0.000000000000000046989646D0
	U(13)=0.007134439900000000105151D0
	U(14)=-0.000000000000000016575983D0
