	U(1)=-89.511168999999995321559254D0
	U(2)=-46.528252000000001942225936D0
	U(3)=-172.410419999999987794581102D0
	U(4)=0.000000000000396184470000D0
	U(5)=995.039430000000038489815779D0
	U(6)=-0.000000000003978675900000D0
	U(7)=1781.999399999999923238647170D0
	U(8)=0.000000000003591313000000D0
	U(9)=181.959030000000012705640984D0
	U(10)=-0.000000000001341488000000D0
	U(11)=0.040873680000000002510152D0
	U(12)=-0.000000000000000386848680D0
	U(13)=0.015810495000000000798135D0
	U(14)=-0.000000000000000140977610D0
