	U(1)=-92.014579999999995152393240D0
	U(2)=-53.185389999999998167368176D0
	U(3)=-186.842099999999987858245731D0
	U(4)=-0.000000000000575770980000D0
	U(5)=192.047470000000004120010999D0
	U(6)=-0.000000000001044533400000D0
	U(7)=1394.926400000000057843863033D0
	U(8)=0.000000000002518482800000D0
	U(9)=475.327510000000017953425413D0
	U(10)=-0.000000000000368191620000D0
	U(11)=0.000058071981999999999747D0
	U(12)=-0.000000000000000000361292D0
	U(13)=0.000014637206000000000817D0
	U(14)=-0.000000000000000000089839D0
