	U(1)=-93.693031000000004837602319D0
	U(2)=-51.423896999999996637598088D0
	U(3)=-486.156799999999975625541992D0
	U(4)=0.000000000001089478200000D0
	U(5)=983.752380000000016480043996D0
	U(6)=0.000000000004013349100000D0
	U(7)=1543.998399999999946885509416D0
	U(8)=-0.000000000002346766400000D0
	U(9)=497.645140000000026248017093D0
	U(10)=0.000000000002338181700000D0
	U(11)=0.008342446800000000162179D0
	U(12)=0.000000000000000064703272D0
	U(13)=0.007034952300000000234570D0
	U(14)=0.000000000000000031142109D0
