	U(1)=-113.005499999999997839950083D0
	U(2)=-36.859954999999999358806235D0
	U(3)=-1153.255699999999933424987830D0
	U(4)=-0.000000000010371617000000D0
	U(5)=723.856449999999995270627551D0
	U(6)=-0.000000000000203515100000D0
	U(7)=1992.528099999999994906829670D0
	U(8)=-0.000000000011332194000000D0
	U(9)=242.125429999999994379322743D0
	U(10)=0.000000000000837062570000D0
	U(11)=0.000000003549886800000000D0
	U(12)=0.000000000000000000000014D0
	U(13)=0.000000001717758800000000D0
	U(14)=0.000000000000000000000007D0
