	U(1)=-88.501427000000006728441804D0
	U(2)=-48.113174000000000773979991D0
	U(3)=-218.248889999999988731360645D0
	U(4)=0.000000000000132509550000D0
	U(5)=690.013730000000009567884263D0
	U(6)=-0.000000000003985479500000D0
	U(7)=1139.629200000000082582118921D0
	U(8)=-0.000000000005339583400000D0
	U(9)=267.854949999999973897502059D0
	U(10)=-0.000000000002926098800000D0
	U(11)=0.000729500899999999986856D0
	U(12)=-0.000000000000000003787033D0
	U(13)=0.000363031960000000000332D0
	U(14)=-0.000000000000000001891112D0
