	U(1)=-90.712142999999997527993401D0
	U(2)=-41.916218000000000643012754D0
	U(3)=-93.865539999999995757207216D0
	U(4)=0.000000000000035741074000D0
	U(5)=1686.184299999999893771018833D0
	U(6)=-0.000000000012260509000000D0
	U(7)=8203.752000000000407453626394D0
	U(8)=0.000000000003219183400000D0
	U(9)=2082.722699999999804276740178D0
	U(10)=0.000000000015235898000000D0
	U(11)=0.010494343999999999200723D0
	U(12)=0.000000000000000071118064D0
	U(13)=0.003959343300000000252792D0
	U(14)=0.000000000000000037565663D0
