	U(1)=-84.653655999999998016392055D0
	U(2)=-46.812694999999997946815711D0
	U(3)=-465.805940000000020972947823D0
	U(4)=0.000000000000325715800000D0
	U(5)=658.570560000000000400177669D0
	U(6)=-0.000000000004449110400000D0
	U(7)=2351.155999999999949068296701D0
	U(8)=-0.000000000002799541600000D0
	U(9)=486.672579999999982192093739D0
	U(10)=-0.000000000000848969390000D0
	U(11)=0.006433700199999999730371D0
	U(12)=-0.000000000000000036120539D0
	U(13)=0.002646382200000000142759D0
	U(14)=-0.000000000000000019069187D0
