	U(1)=-94.243744000000006622030924D0
	U(2)=-54.341507000000000005002221D0
	U(3)=-356.075350000000014460965758D0
	U(4)=-0.000000000001292516800000D0
	U(5)=1703.716599999999971259967424D0
	U(6)=-0.000000000009075088800000D0
	U(7)=3149.233600000000024010660127D0
	U(8)=-0.000000000015137107000000D0
	U(9)=565.429319999999961510184221D0
	U(10)=-0.000000000005722258600000D0
	U(11)=0.024874727999999998728775D0
	U(12)=-0.000000000000000140682430D0
	U(13)=0.011979913999999999493773D0
	U(14)=-0.000000000000000070606642D0
