	U(1)=-84.984795000000005416040949D0
	U(2)=-44.141463999999999145984475D0
	U(3)=-537.017519999999990432115737D0
	U(4)=0.000000000000917488740000D0
	U(5)=191.417529999999999290594133D0
	U(6)=-0.000000000001007128700000D0
	U(7)=2226.502399999999852298060432D0
	U(8)=-0.000000000009090701300000D0
	U(9)=353.016270000000019990693545D0
	U(10)=-0.000000000001988253500000D0
	U(11)=0.074008472000000005697196D0
	U(12)=-0.000000000000000525485530D0
	U(13)=0.043711821999999997401254D0
	U(14)=-0.000000000000000257592800D0
