	U(1)=-106.863540000000000418367563D0
	U(2)=-56.973681999999996605765773D0
	U(3)=-761.493290000000001782609615D0
	U(4)=0.000000000001298290400000D0
	U(5)=931.173220000000014806573745D0
	U(6)=-0.000000000004308786800000D0
	U(7)=2338.973399999999855936039239D0
	U(8)=0.000000000006955111000000D0
	U(9)=481.142729999999971823854139D0
	U(10)=-0.000000000002392411800000D0
	U(11)=0.000002619353600000000101D0
	U(12)=-0.000000000000000000014755D0
	U(13)=0.000000931125380000000023D0
	U(14)=-0.000000000000000000003645D0
