	U(1)=-104.631780000000006225491234D0
	U(2)=-52.559814000000002920387487D0
	U(3)=-162.289919999999995070538716D0
	U(4)=-0.000000000000845424590000D0
	U(5)=167.799990000000008194547263D0
	U(6)=-0.000000000001022480100000D0
	U(7)=4693.339399999999841384124011D0
	U(8)=0.000000000028724233000000D0
	U(9)=685.871949999999969804775901D0
	U(10)=-0.000000000003088018100000D0
	U(11)=0.000029664946999999999752D0
	U(12)=-0.000000000000000000112286D0
	U(13)=0.000010800540999999999834D0
	U(14)=-0.000000000000000000056691D0
