	U(1)=-167.904529999999994060999597D0
	U(2)=-28.940896999999999650299287D0
	U(3)=-835.288999999999987267074175D0
	U(4)=0.000000000006480444700000D0
	U(5)=874.352660000000014406396076D0
	U(6)=-0.000000000006811332700000D0
	U(7)=1216.853800000000092040863819D0
	U(8)=0.000000000013290407000000D0
	U(9)=225.189249999999987039700500D0
	U(10)=0.000000000000791501030000D0
	U(11)=0.000000000011304629000000D0
	U(12)=-0.000000000000000000000000D0
	U(13)=0.000000000011412936000000D0
	U(14)=-0.000000000000000000000000D0
