	U(1)=-93.741485999999994760401023D0
	U(2)=-46.887301999999998258772393D0
	U(3)=-56.064602000000000714408088D0
	U(4)=-0.000000000000082393395000D0
	U(5)=408.017940000000010059011402D0
	U(6)=0.000000000002314951600000D0
	U(7)=1879.495799999999917417881079D0
	U(8)=0.000000000005383646200000D0
	U(9)=373.329619999999977153493091D0
	U(10)=-0.000000000001185314400000D0
	U(11)=0.000055358573999999997688D0
	U(12)=-0.000000000000000000389054D0
	U(13)=0.000069615605999999994376D0
	U(14)=-0.000000000000000000394023D0
