	U(1)=-110.892750000000006593836588D0
	U(2)=-49.958210000000001116404746D0
	U(3)=-395.499450000000024374458008D0
	U(4)=0.000000000000349331430000D0
	U(5)=263.488009999999974297679728D0
	U(6)=-0.000000000002067786300000D0
	U(7)=2328.231200000000171712599695D0
	U(8)=0.000000000008612639200000D0
	U(9)=416.570859999999981937435223D0
	U(10)=-0.000000000002352315600000D0
	U(11)=0.000130738930000000004930D0
	U(12)=-0.000000000000000000978719D0
	U(13)=0.000040712759000000002117D0
	U(14)=-0.000000000000000000241837D0
