	U(1)=-86.407173000000000229192665D0
	U(2)=-49.835869000000002415617928D0
	U(3)=-219.890089999999986503098626D0
	U(4)=0.000000000000088790927000D0
	U(5)=1141.640499999999974534148350D0
	U(6)=0.000000000008677930800000D0
	U(7)=1446.879599999999982173903845D0
	U(8)=0.000000000003251436400000D0
	U(9)=310.085359999999980118445819D0
	U(10)=-0.000000000000236267250000D0
	U(11)=0.000798824530000000004003D0
	U(12)=0.000000000000000006197721D0
	U(13)=0.000222388380000000012229D0
	U(14)=0.000000000000000001594846D0
