	U(1)=-87.469207999999994740392140D0
	U(2)=-50.135913999999999646206561D0
	U(3)=-184.669369999999986475813785D0
	U(4)=-0.000000000000248085240000D0
	U(5)=1491.548800000000028376234695D0
	U(6)=-0.000000000006139258400000D0
	U(7)=434.944309999999973115336616D0
	U(8)=0.000000000000648258300000D0
	U(9)=240.077650000000005547917681D0
	U(10)=-0.000000000001173336900000D0
	U(11)=0.090662121999999997767894D0
	U(12)=-0.000000000000000553714600D0
	U(13)=0.048984400999999996861867D0
	U(14)=-0.000000000000000272929630D0
