	U(1)=-91.979079999999996175574779D0
	U(2)=-51.747650000000000147792889D0
	U(3)=-123.676609999999996603037289D0
	U(4)=0.000000000000366656740000D0
	U(5)=382.896849999999972169462126D0
	U(6)=0.000000000002102506100000D0
	U(7)=1123.200900000000046929926611D0
	U(8)=-0.000000000005490465300000D0
	U(9)=217.953579999999988103809301D0
	U(10)=0.000000000000620379020000D0
	U(11)=0.004830702200000000154367D0
	U(12)=-0.000000000000000029092773D0
	U(13)=0.003516964599999999798591D0
	U(14)=-0.000000000000000014223908D0
