	U(1)=-103.240620000000006939444575D0
	U(2)=-54.634383999999997172380972D0
	U(3)=-99.953689999999994597601471D0
	U(4)=0.000000000000068743629000D0
	U(5)=209.263659999999987348928698D0
	U(6)=-0.000000000000903030090000D0
	U(7)=3628.950400000000172440195456D0
	U(8)=0.000000000003178925000000D0
	U(9)=509.865169999999977790139383D0
	U(10)=0.000000000001711045500000D0
	U(11)=0.000084218037999999996262D0
	U(12)=0.000000000000000000493241D0
	U(13)=0.000047152755999999999880D0
	U(14)=0.000000000000000000244822D0
