	U(1)=-101.177890000000004988578439D0
	U(2)=-42.614818999999997117811290D0
	U(3)=-715.002500000000054569682106D0
	U(4)=-0.000000000003740520900000D0
	U(5)=1255.092000000000098225427791D0
	U(6)=0.000000000008766436400000D0
	U(7)=1531.739900000000034197000787D0
	U(8)=-0.000000000007501659900000D0
	U(9)=288.539919999999995070538716D0
	U(10)=0.000000000000554300530000D0
	U(11)=0.002383105500000000116084D0
	U(12)=0.000000000000000015278845D0
	U(13)=0.001859389699999999942190D0
	U(14)=0.000000000000000007553803D0
