	U(1)=-91.579520999999999730789568D0
	U(2)=-44.518188000000002091383067D0
	U(3)=-709.526250000000004547473509D0
	U(4)=0.000000000001597752300000D0
	U(5)=1133.397699999999986175680533D0
	U(6)=0.000000000008232139800000D0
	U(7)=1840.658899999999903229763731D0
	U(8)=0.000000000000390065860000D0
	U(9)=596.044560000000046784407459D0
	U(10)=0.000000000004601704000000D0
	U(11)=0.030100066000000001709136D0
	U(12)=0.000000000000000127772050D0
	U(13)=0.022024267999999999623206D0
	U(14)=0.000000000000000134487780D0
